4.249691e+02 298
3.886025e+02 424
4.453107e+02 230
4.168875e+02 392
4.168916e+02 309
4.602365e+02 213
4.424174e+02 401
4.059136e+02 456
4.027796e+02 226
4.475928e+02 104
4.334888e+02 337
4.274913e+02 476
4.388070e+02 94
4.285973e+02 490
4.519953e+02 29
4.601370e+02 101
4.373058e+02 536
4.281609e+02 226
4.437161e+02 53
4.616920e+02 104
4.097399e+02 592
4.150769e+02 512
4.174749e+02 563
4.285703e+02 523
4.166974e+02 577
4.224350e+02 373
4.057970e+02 460
4.493606e+02 30
4.446381e+02 289
4.378940e+02 481
4.091005e+02 355
