4.327962e+02 345
4.549573e+02 221
5.299240e+02 27
5.259837e+02 15
4.194243e+02 332
5.292152e+02 34
4.342589e+02 376
4.502230e+02 52
4.654871e+02 53
4.953321e+02 6
4.671897e+02 252
4.707994e+02 174
5.148337e+02 71
4.443181e+02 285
4.345847e+02 352
4.911454e+02 90
4.240699e+02 329
4.519798e+02 210
4.320880e+02 202
4.355771e+02 289
4.636478e+02 182
4.318373e+02 343
4.438905e+02 389
4.520492e+02 128
4.738726e+02 5
4.663066e+02 176
4.482030e+02 174
4.274956e+02 359
4.335428e+02 443
4.486542e+02 86
4.300754e+02 334
4.667984e+02 306
4.380684e+02 445
4.297232e+02 573
5.128466e+02 83
4.343730e+02 501
4.571641e+02 23
4.355679e+02 234
4.769910e+02 181
4.613927e+02 7
4.376875e+02 199
4.581206e+02 263
4.391403e+02 591
4.423454e+02 201
4.385552e+02 305
4.376405e+02 542
4.545195e+02 125
4.175982e+02 339
4.706572e+02 91
4.310049e+02 589
4.690805e+02 157
4.621734e+02 65
4.367496e+02 435
4.600168e+02 298
4.615935e+02 304
4.340586e+02 361
4.141300e+02 504
