6.684881e+02 54
4.631103e+02 570
4.614212e+02 453
4.453638e+02 431
4.890015e+02 237
4.491173e+02 537
4.427430e+02 486
4.734930e+02 455
4.645546e+02 424
4.683258e+02 516
6.444075e+02 52
6.799434e+02 133
4.416179e+02 319
4.397598e+02 182
5.044625e+02 232
5.174532e+02 138
6.722118e+02 132
4.466167e+02 464
6.501501e+02 81
4.860738e+02 417
6.584056e+02 13
4.340489e+02 565
6.719538e+02 123
5.081525e+02 283
5.110122e+02 276
4.738319e+02 567
5.072529e+02 195
4.293526e+02 478
4.571292e+02 408
4.610878e+02 547
4.230534e+02 460
4.621332e+02 557
7.207091e+02 46
4.819316e+02 485
6.892036e+02 15
6.795675e+02 55
5.205595e+02 317
4.150986e+02 434
4.833429e+02 161
5.065434e+02 230
6.723731e+02 69
4.642196e+02 161
6.733366e+02 95
4.747728e+02 548
4.996825e+02 162
4.815447e+02 466
6.786580e+02 117
4.296886e+02 584
6.470969e+02 75
4.425299e+02 373
4.499361e+02 344
5.014085e+02 277
4.236563e+02 589
4.526145e+02 359
6.579564e+02 34
4.623325e+02 468
4.514258e+02 436
4.973162e+02 177
4.400086e+02 410
4.973042e+02 297
6.637150e+02 53
6.950127e+02 126
4.638776e+02 297
4.603422e+02 500
4.729820e+02 162
4.452349e+02 343
4.569411e+02 445
4.553538e+02 225
4.621907e+02 248
7.012278e+02 134
4.745916e+02 577
4.752403e+02 245
4.726406e+02 384
6.640079e+02 13
4.333044e+02 551
6.497554e+02 81
6.098926e+02 114
4.379661e+02 348
7.080762e+02 100
5.203425e+02 218
4.814886e+02 456
4.535313e+02 485
4.663997e+02 399
6.984305e+02 106
5.044644e+02 256
4.609845e+02 431
4.639212e+02 424
6.672588e+02 18
4.674206e+02 504
6.718288e+02 144
4.252917e+02 563
4.513918e+02 417
4.897287e+02 538
6.430469e+02 119
6.159143e+02 129
4.907854e+02 378
4.755776e+02 310
4.665472e+02 275
4.458252e+02 516
4.627711e+02 193
