4.337978e+02 422
4.152716e+02 281
4.225728e+02 481
4.328711e+02 397
4.429923e+02 455
4.035406e+02 505
4.637265e+02 22
4.392395e+02 292
4.230226e+02 220
4.183432e+02 324
4.419484e+02 518
4.680337e+02 82
4.285758e+02 440
4.645110e+02 104
4.264197e+02 383
4.049177e+02 580
4.654889e+02 96
4.641502e+02 27
4.412268e+02 335
4.175993e+02 516
4.543597e+02 48
4.406045e+02 400
4.272825e+02 411
4.305225e+02 384
4.371151e+02 539
4.222631e+02 231
4.661208e+02 87
4.403086e+02 296
4.401311e+02 285
4.604934e+02 13
