4.658353e+02 9
4.360573e+02 366
4.169729e+02 458
5.399189e+02 5
4.331348e+02 567
4.585135e+02 266
4.464248e+02 470
4.219572e+02 194
4.510780e+02 172
4.301209e+02 310
4.394578e+02 510
4.268828e+02 495
4.319917e+02 415
4.136822e+02 304
4.239896e+02 393
4.572047e+02 174
4.404995e+02 424
4.381789e+02 513
4.346099e+02 479
4.278357e+02 220
4.321098e+02 519
4.770864e+02 33
4.431784e+02 341
4.458663e+02 296
4.631076e+02 359
4.405230e+02 389
4.615490e+02 220
4.337785e+02 525
4.421367e+02 309
4.509536e+02 104
