6.402349e+02 55
4.270436e+02 524
4.620482e+02 295
6.941411e+02 152
4.372776e+02 547
4.323387e+02 582
4.691982e+02 230
5.292366e+02 174
4.423918e+02 447
4.537433e+02 250
4.788175e+02 430
6.403351e+02 139
4.407194e+02 527
6.494538e+02 137
5.057024e+02 265
4.581406e+02 335
6.496171e+02 1
5.275399e+02 179
4.278590e+02 599
4.249087e+02 600
6.468058e+02 2
5.049555e+02 339
4.498248e+02 300
6.589109e+02 31
5.227597e+02 319
4.693709e+02 312
4.450438e+02 564
6.536405e+02 145
4.689666e+02 547
6.745409e+02 31
