22380	194
28560	237
12720	253
22740	143
26700	174
30660	34
32040	11
34680	146
33720	221
31140	101
28380	93
34200	158
30240	158
33360	151
30840	152
31920	127
30060	97
29280	142
32340	104
36300	121
34380	108
33600	167
34500	120
36840	161
33000	19
37380	108
39240	85
38700	147
38820	153
39480	137
36000	130
34080	155
32460	165
39840	135
37440	37
38160	143
47160	26
41160	101
34920	7
36600	102
42600	127
37560	142
39900	154
45060	188
40800	3
55140	95
42960	158
50580	4
43740	153
57360	222
53460	4
43440	145
54000	208
10320	137
45300	109
68160	33
41700	101
70800	27
45540	3
48720	138
44400	107
67500	186
46860	96
47460	153
45420	173
63840	120
45240	150
50040	64
59700	5
47700	115
53340	158
50580	13
47160	75
51360	155
52740	141
67200	40
54180	5
47280	142
60000	46
49740	189
19680	33
63660	78
53700	137
50820	80
57180	129
55980	13
55020	142
53940	57
9240	134
55860	3
56340	15
49440	173
61200	9
56640	76
58320	220
58440	147
55620	127
58080	42
64800	93
65340	0
69360	12
57600	110
56760	135
59940	63
84360	133
55560	145
61140	9
60420	181
61500	39
60720	132
26400	49
56880	202
62040	119
58260	74
60360	103
59040	136
64020	118
60480	161
63840	133
62940	102
72720	13
62640	142
63660	26
64320	152
61200	89
69600	40
75120	3
67200	35
66660	168
64740	229
82380	20
67080	40
64620	49
68520	121
76860	0
65520	95
65460	38
33360	43
67620	157
72420	22
69720	172
69480	156
69840	136
68100	136
81540	94
66900	9
65160	114
72720	231
79620	49
78600	55
72720	86
73140	154
69180	147
68520	131
25320	36
78360	50
72120	90
72600	111
70680	48
85320	14
72480	140
72000	14
69120	129
39180	51
74820	80
76380	104
80820	8
3120	0
86220	1
70020	107
1980	83
75120	124
74520	133
73680	69
74820	79
75240	107
33180	124
78540	134
75000	82
76860	16
78360	64
77880	136
77880	79
78840	135
79020	136
81180	146
81000	85
80220	127
78240	80
82800	129
82200	125
78600	90
79620	76
84960	77
5640	41
17580	212
84060	112
54960	55
85620	87
83940	111
0	184
86220	1
86220	54
4620	69
85320	100
85440	256
80760	119
1800	1
19380	168
2280	9
15300	199
62100	28
3540	218
4380	128
18300	8
20820	130
22740	114
20520	53
20700	164
27840	50
31800	78
24540	111
16020	45
29880	92
27600	118
27720	22
19500	137
25260	7
29760	20
34980	182
30960	159
29220	102
34800	112
30840	125
35700	131
32820	174
29700	119
29400	135
35280	132
33840	106
32040	122
34800	104
29520	129
35520	102
35220	116
37200	130
36840	117
34380	99
37080	144
35100	105
38220	139
38940	76
38220	126
35940	137
33120	92
37980	141
39180	122
38400	24
34500	194
37080	105
37680	141
36060	9
38640	105
38400	39
39420	129
64500	100
41400	164
39600	174
38520	152
40920	83
43380	97
50220	22
37680	94
43020	139
41700	16
42120	132
54360	92
55620	20
42660	107
42240	211
41640	66
65880	0
53100	13
45840	2
42420	171
46620	90
45000	111
45180	146
53040	32
69720	37
68760	27
45600	101
60840	35
45360	143
60780	126
59040	17
48000	93
44820	76
49140	9
51240	149
51060	101
55620	47
48840	144
53400	148
15540	187
51120	59
48960	199
51540	164
53100	145
51480	171
61020	53
53580	99
55080	19
56940	140
54960	143
64320	51
65340	3
54540	147
67380	13
49320	132
59040	80
56760	107
52620	147
55680	172
56640	135
57960	29
57720	131
56400	86
58260	56
55440	109
60120	15
26700	40
61080	66
59460	74
61260	28
56460	183
57840	86
28680	38
59400	21
63480	123
73020	13
65880	101
68940	35
70380	31
63060	115
72120	14
30780	136
79140	44
77400	101
66000	159
66540	94
68640	84
73620	8
68880	130
66660	146
63240	144
75120	10
75120	12
67860	155
61740	189
69240	126
80400	204
68160	110
67080	167
62760	143
67620	44
64680	91
64320	70
68280	126
66300	54
76440	1
69540	152
70200	151
66660	134
66960	7
68280	234
67500	139
69420	115
68940	82
70920	163
84300	0
79500	8
66240	99
74160	7
80880	6
70380	102
71760	164
36180	48
80520	24
67740	3
83880	56
77940	104
76800	85
72120	120
77160	104
74580	121
75120	123
74640	98
76020	86
75960	103
74340	132
76020	101
77520	186
76440	23
43500	181
82680	94
81540	152
81420	89
80880	123
2280	0
79080	84
36060	19
77640	108
81300	161
79140	101
80820	143
84960	107
83880	42
84060	160
17820	214
82320	9
80280	102
79500	94
2460	87
22620	232
51180	23
55500	45
85140	71
55740	45
2220	71
960	103
3120	4
7980	3
2700	112
80280	50
2280	11
16140	20
15240	123
4560	24
4020	178
4320	111
19740	121
58020	121
17400	6
50760	202
22740	102
7980	116
75540	125
28860	192
19380	52
22080	147
14880	45
28980	7
26820	8
27060	126
23940	16
29400	19
26880	115
42540	141
26940	96
34200	154
34860	114
30120	151
34560	136
33780	134
29700	133
37140	158
31980	72
33660	170
32460	133
35760	112
30660	115
35820	82
36240	158
35280	165
34980	100
34440	128
31680	154
35280	161
35040	157
34260	157
32640	24
34320	158
37740	163
35940	121
35880	111
38520	151
38040	24
40860	7
37260	82
35640	152
40500	149
36480	89
37920	44
38220	63
36720	83
39540	158
37440	113
43620	147
54300	85
43500	9
42540	195
54120	14
65760	0
53520	246
54780	19
44640	106
45780	107
44640	5
68940	29
45120	124
48180	138
48060	136
68220	25
67860	121
46560	111
46380	107
63600	64
61080	157
51240	225
43740	72
44880	142
48900	115
4680	113
53280	9
49080	159
56400	25
52500	156
15780	15
52020	157
67920	206
52140	170
52200	161
55620	102
51240	69
52740	187
50220	8
51060	66
58080	101
55380	136
64680	106
57300	193
56340	8
64200	50
67500	8
65820	0
58500	73
49320	162
52440	86
54120	97
55500	164
53640	177
56880	143
58380	37
56760	31
55380	133
56040	157
53580	144
56340	132
55800	129
85620	92
54900	94
60060	100
66480	49
58260	87
59880	113
72180	3
14640	191
57780	162
58620	163
63600	81
62520	107
61980	53
62340	71
28200	24
64560	59
76200	57
63240	175
63120	153
29400	104
59040	141
75480	134
63720	155
64440	157
67920	243
72900	9
70680	42
64800	11
69720	247
74760	14
69420	1
76920	119
77580	48
63300	119
75840	32
65640	186
65220	37
75960	41
68040	161
64140	52
64200	60
74880	43
69300	125
67860	161
68760	122
67080	132
79560	150
65520	216
68880	146
66600	170
69900	51
69780	179
24120	20
82380	179
86220	3
67620	10
66840	129
72120	188
35880	55
71340	48
74220	96
70680	103
72300	122
70500	40
69420	159
76080	34
83520	27
82500	11
75660	88
75000	22
74880	66
73800	142
74760	128
71400	38
32040	26
76440	156
74520	15
75480	115
74040	174
75120	96
79080	155
76800	158
75300	163
75960	140
80940	99
78480	136
77760	12
76740	86
75840	60
78660	137
81600	99
81720	140
81300	86
17880	222
81480	129
77580	97
32640	191
79860	106
0	107
83280	156
83400	207
7140	25
55200	39
84600	159
5940	36
83880	118
53220	40
57000	46
50340	50
51960	34
84900	80
84420	125
6360	79
80760	117
86220	9
2400	48
660	118
3180	108
58980	76
6060	126
19680	12
24840	46
17940	41
21660	170
22440	105
19860	125
14700	55
27600	16
26940	127
26280	134
17340	217
26820	146
29100	15
35040	179
30360	16
30900	98
29040	83
34440	140
27780	95
30480	126
31200	139
33300	161
30660	150
30060	92
31620	143
35580	142
36240	165
32520	149
33420	174
33960	122
35280	99
32280	84
34620	114
36900	128
35160	170
37740	130
34920	82
34920	144
36360	158
35400	126
37800	73
33660	201
40560	123
39840	119
37140	109
36360	30
39120	186
37680	88
36480	67
40620	156
36960	148
40020	138
64320	114
39180	133
42960	141
37260	105
42000	11
42720	80
55620	197
51660	52
40980	114
43260	88
52980	10
44280	132
46800	120
47160	4
68760	154
60540	192
43380	72
44520	133
45780	108
70440	29
47340	15
60840	130
48960	161
63120	59
48900	18
44400	106
48600	93
50460	137
57240	12
56040	42
51240	170
46620	107
70080	62
14880	179
51480	177
54240	95
49260	186
52980	149
50220	141
53340	146
54660	29
53580	119
56280	18
53040	164
59280	122
55200	170
67800	6
53160	182
54660	164
49080	149
55380	129
62820	49
25440	26
54780	112
57900	37
59100	108
84720	30
54900	113
57540	116
59880	100
66480	42
60120	99
72360	7
57480	87
60000	79
67860	110
63120	84
71520	17
62100	182
63480	156
70020	61
72180	34
61800	101
59700	238
64020	148
68700	160
62700	15
77340	159
73560	15
69120	2
70080	187
77940	48
63420	113
66780	35
68760	135
77220	60
76140	7
61920	6
76620	10
79620	19
76440	0
68340	157
69000	134
79320	105
67560	146
65700	228
66120	49
77940	51
65040	155
67680	89
75180	32
76140	51
70440	173
70020	207
69360	198
67260	24
70740	47
71940	158
71220	31
72060	87
70020	72
70320	186
70560	44
68220	93
76500	33
72540	178
1380	0
69000	125
76260	123
84720	55
72180	114
71760	171
83040	57
76860	90
69060	133
75180	88
76620	104
74580	156
78540	116
76020	72
31740	17
75420	144
40740	32
77220	124
85920	32
81180	89
85020	43
79500	149
77580	146
76440	22
76980	87
81300	151
81720	119
76140	113
77820	133
79020	149
81900	153
1860	0
77100	163
76500	57
77940	78
82200	78
84720	29
42600	48
1740	113
83040	32
83520	181
84780	172
55020	48
85920	154
20280	227
85380	109
51540	32
52980	33
85020	87
61260	208
2520	148
83640	131
1980	136
81600	103
85740	116
1380	10
15960	180
4260	130
58620	221
17760	12
24060	209
10140	51
23040	144
21840	149
24780	108
15000	37
28680	3
40500	27
23640	5
22140	95
29700	21
35400	182
29580	10
30420	108
34740	143
34680	139
30600	160
31320	158
34860	111
30000	141
29880	137
36360	163
31860	108
36300	102
36000	142
35760	131
34500	137
33240	168
34980	144
30060	133
36420	116
35880	101
35280	138
34500	150
39960	146
37440	18
32820	187
37380	158
38220	90
47100	46
37800	30
38280	125
41340	130
38880	149
49560	0
40920	186
40380	22
63660	108
54540	170
42480	50
54660	21
82680	116
40800	97
50580	30
53760	26
43500	152
65160	2
42960	2
84300	216
53280	29
45840	144
46200	115
48660	131
43860	75
64020	12
49560	7
50940	185
48900	234
61620	164
65580	75
49140	143
14580	13
49260	146
58500	56
54900	157
52140	146
50100	53
53040	193
50580	97
52800	167
49680	84
56220	158
52200	0
68640	7
54120	66
54900	134
63600	161
56280	158
58080	158
10080	84
52020	141
58860	25
56880	183
57960	108
66240	70
59220	212
55740	138
60300	17
84900	207
60420	161
60000	164
57180	58
63300	105
61260	201
59040	136
65400	153
64020	103
71820	18
62760	178
28860	153
63840	96
65160	116
64320	177
82980	70
61860	231
63360	114
65580	80
60660	164
5460	116
59100	143
68520	7
69180	88
75300	69
66360	168
66480	34
77340	5
79260	141
76020	0
77940	229
66240	44
68160	126
84480	51
81360	38
81540	132
65460	170
68100	141
23820	11
67140	119
65880	25
79560	13
66900	57
70740	224
65100	110
72000	92
71220	180
71820	92
660	2
75360	160
82260	40
70860	215
18720	29
69120	130
69660	127
73620	79
82080	44
76200	132
74640	138
73860	135
1140	124
73980	76
76680	134
74940	213
75300	97
30840	32
78660	119
76320	152
75900	136
75120	162
78360	98
77040	103
78300	76
900	48
82740	2
81300	97
80820	230
16620	225
80340	154
81660	137
0	122
33540	104
82260	84
20460	219
18900	78
85020	172
81360	119
84480	109
82080	82
85740	211
85320	182
2160	156
53580	39
420	132
56280	56
85860	21
3420	218
1020	243
660	6
18240	160
15360	222
3540	165
5640	105
17760	11
24480	201
11400	41
40860	115
20820	203
20640	129
27780	22
12540	3
8460	86
15360	39
14700	118
27540	234
30240	22
24360	48
24480	62
50460	27
35400	179
29940	15
31740	148
31080	105
27720	116
33180	167
33000	139
30600	152
29520	105
30720	160
35760	124
33780	73
34800	107
31920	140
29040	158
29880	129
32640	123
36780	174
34500	160
34260	113
35580	130
36720	151
36240	10
38400	146
34020	158
34380	175
33660	120
36300	125
38580	144
36060	141
37380	30
33840	79
33360	155
37380	131
34920	8
35760	68
35940	119
39180	107
37920	124
40620	150
48840	3
53760	120
42240	178
64860	212
43740	170
42120	14
51300	51
41940	158
40800	102
55320	234
45840	154
43860	139
65040	0
84420	39
45960	118
67260	153
44760	38
61380	66
64260	150
48840	9
63180	73
47940	149
48600	130
48300	105
53400	162
52140	154
54180	41
57540	10
47220	77
48900	158
46920	137
47640	174
14220	223
58800	46
55140	163
52860	108
53160	128
68220	69
53820	159
55200	226
56820	218
61380	46
68460	14
55380	158
49920	161
50280	94
64800	11
57180	4
57840	27
58860	137
52020	161
57300	158
24660	52
58020	138
54600	133
56400	80
58680	34
57300	86
59220	222
60840	15
56880	160
55500	221
60360	161
56700	157
65940	25
58140	122
61980	149
59040	16
63180	78
62820	174
65040	157
61740	68
59940	146
68220	75
64140	162
68040	158
58380	36
65340	175
68160	148
74820	8
64260	196
79320	13
65280	158
63060	148
64800	17
77340	31
80340	21
70140	127
66060	189
68280	162
68580	127
66960	121
66840	134
69540	146
76440	0
65580	170
76860	41
65940	136
66720	153
67800	84
85560	51
34260	68
65460	89
68940	158
70440	27
3120	86
84600	51
82800	64
68400	2
420	142
71460	27
71160	118
76680	166
77820	36
74400	159
79440	138
80760	1
75900	153
6780	2
79320	91
76440	10
43680	100
77760	47
11100	54
78480	156
78120	95
80760	117
82920	76
81900	154
77220	51
19260	65
42120	84
83460	148
8340	116
17940	205
83280	133
21720	223
82200	122
50400	33
85440	209
82800	101
50040	97
85560	67
3360	98
0	151
81000	178
85800	142
1260	175
1440	128
1800	110
1140	90
1440	159
18600	28
3720	110
5700	111
9660	127
4860	3
22140	140
26040	190
19080	55
11760	104
13260	165
11100	117
27780	26
8100	114
14160	44
18180	222
26940	33
30000	7
29640	136
23880	2
43800	20
30420	24
24180	63
26220	0
31680	174
31800	158
30420	17
30300	158
27960	104
33480	140
34380	54
30960	155
30600	168
30840	141
33120	13
29100	148
33360	156
34020	78
32700	129
33900	232
35940	10
36900	161
33000	16
35880	126
35640	143
33240	37
37620	43
38220	127
34800	68
46860	66
37380	132
36780	117
37980	155
41700	111
38040	124
42000	148
44400	135
37920	90
54660	153
41160	181
43440	156
42000	114
82500	87
43680	15
40620	148
42780	118
42600	147
15720	27
42720	123
41820	5
54480	21
53520	64
44940	126
46680	168
68880	23
43980	160
48420	155
46140	158
62640	63
48180	155
60780	161
44280	122
49380	8
48600	138
59220	52
52080	220
49920	186
46860	87
49080	157
13140	193
53160	164
46560	9
54060	107
59220	56
55140	25
51540	25
18120	35
56340	122
55320	158
8040	46
52260	178
56700	148
53520	92
57240	186
53640	93
64620	24
57420	228
49620	144
58320	182
51960	146
55500	162
56760	170
55260	149
58680	116
57600	89
56400	165
55740	199
59640	140
60300	170
66900	11
60600	107
13440	116
58200	150
59460	152
75960	92
65040	156
63240	170
72300	34
62100	137
72840	23
65640	162
64560	58
75120	20
63120	136
480	19
68340	120
77940	144
78960	41
65760	50
80100	250
61380	130
34500	39
76260	65
75900	0
64620	86
65940	82
67860	155
23280	32
69660	122
66900	149
70080	134
69420	122
69660	102
70620	196
80400	145
78840	13
65700	122
69600	101
72780	158
69180	167
68100	141
72300	76
70560	14
71820	144
72540	173
38100	48
76140	151
81840	69
73440	114
68760	128
73980	28
73320	186
75540	116
72960	108
720	138
78000	79
70200	172
75360	25
75420	73
31080	51
75120	143
72540	163
75960	74
77400	33
84540	45
76380	93
80880	90
75900	27
76800	176
74100	69
75720	155
1800	50
78000	96
78840	134
81060	172
18720	225
82800	144
82920	137
81480	19
33540	153
83400	88
78960	65
80520	115
81840	88
3780	0
82020	58
17700	218
83520	143
49980	38
82080	54
86100	186
56040	55
86220	75
61020	148
53700	50
960	142
480	199
480	199
81180	158
840	104
1620	155
2580	160
16860	68
3660	125
46500	224
58140	173
63000	126
4920	134
17760	13
22140	125
26160	198
5940	231
8340	241
21240	212
6420	106
27660	33
24600	157
12660	12
23160	84
17340	56
25680	160
28020	19
43440	30
34320	172
31380	139
30720	119
29400	155
33960	81
32580	144
33840	115
31200	158
29940	97
35940	148
32100	128
34740	150
33840	215
34260	133
30240	145
35040	150
34440	153
38520	14
36840	137
33660	181
37320	132
36660	152
33420	15
38880	128
35880	139
33300	42
36180	153
47400	87
34980	9
36720	41
42060	203
35340	159
37740	34
34680	175
36600	121
37200	111
39060	135
80100	40
38700	171
64920	88
51420	7
53460	107
37440	116
41820	139
41820	7
43200	158
42000	134
41280	120
54960	256
42780	104
53040	179
9060	150
54660	19
65520	0
42900	158
47160	134
45360	126
52560	26
46560	143
45780	144
43800	172
45240	159
46080	120
49560	134
48300	2
60780	146
47580	125
64380	85
44280	140
51000	176
48780	136
48780	127
49860	166
47400	66
48960	136
55320	45
46440	13
52620	143
57420	39
51900	151
20280	35
54900	162
50880	14
53340	153
62820	63
54540	111
49260	73
55500	18
56700	211
53460	78
57180	158
58080	128
67920	11
62640	68
57240	145
54660	87
10020	257
65220	180
55260	175
55860	165
55380	123
52140	153
27300	49
59820	10
84840	61
56040	159
59400	129
66960	35
59940	62
60300	124
63900	177
57780	167
59040	113
58440	9
61020	164
71580	16
62820	61
64380	73
63420	108
75900	55
65580	64
65520	119
31260	47
63540	107
61740	207
74940	11
61200	146
66840	123
67320	32
77220	41
65100	16
75000	44
77460	40
66300	17
78720	100
67380	122
67620	131
71700	51
66960	111
23340	30
68100	93
35040	189
69480	115
69300	174
70080	213
71220	165
79560	9
67860	140
69840	78
71580	99
69240	118
73680	86
71820	143
72000	38
85320	12
69480	148
74280	123
74460	115
74400	168
83340	50
72720	227
76440	2
840	125
70740	163
74580	163
75300	118
75000	73
74040	159
75900	63
31020	29
73980	144
75180	59
81240	139
76440	128
76920	120
76860	93
76080	135
81780	108
81600	162
81360	89
77220	62
79320	15
4260	75
77460	115
82500	131
33240	27
82740	153
82860	144
480	86
84600	135
84720	154
83340	91
55620	40
49920	37
83640	17
86040	127
50400	239
7020	27
660	169
660	10
3840	12
1320	1
4620	147
14040	127
4260	76
45960	205
17820	64
85860	143
14400	192
64260	35
5340	124
17580	13
22140	116
24540	209
7020	125
44820	5
46920	65
21660	180
6840	109
24420	104
16560	212
18540	44
27660	9
41400	31
22860	17
27060	85
29580	115
31560	122
33120	52
32340	102
34560	156
33120	170
36360	111
31920	115
29400	126
32940	91
29760	124
30780	93
36720	144
35820	124
35940	10
38100	129
33660	72
33120	115
37320	32
34680	172
35280	14
37920	255
34800	148
42300	98
40140	96
36180	110
36780	186
35160	9
40560	138
40260	124
49140	0
41220	9
37080	121
43020	167
38940	172
42240	178
49260	15
41820	176
40440	125
65460	0
42420	2
43620	112
44100	142
70380	21
45000	8
69840	29
53340	26
46740	127
18420	29
44940	144
46140	137
48660	3
47640	113
50880	118
50760	171
60960	122
49080	129
44040	134
49140	7
48420	137
48240	195
60240	4
53220	129
53700	42
61860	21
51000	159
47940	67
66840	76
57000	46
66000	63
47040	133
52080	157
54240	40
53580	162
52500	168
8340	68
51660	60
54840	152
56640	173
56880	223
56640	92
57300	128
49500	145
61920	53
56400	23
57000	97
57780	37
65100	44
57900	80
52320	159
56040	162
66000	49
66720	47
55920	193
72120	10
59940	95
64800	125
61620	165
59760	140
27600	27
62040	135
83820	53
73560	30
65280	57
60000	135
63660	123
76920	151
65760	145
66120	214
71400	59
63180	53
63060	120
67740	104
67860	135
65160	14
75720	11
78480	142
75900	12
75540	1
69540	134
65100	65
77280	54
68100	157
67980	228
66720	101
78120	48
76500	55
68340	115
82440	36
72120	125
65040	87
67440	144
74160	113
74400	25
73020	230
73560	85
81840	27
81600	34
72420	54
73920	132
73620	167
69480	134
71460	125
84900	67
74160	125
73740	129
70260	262
1200	129
75060	185
76500	94
74040	147
40920	228
84660	64
79200	154
77700	117
78300	166
80040	143
75540	24
75420	126
77100	150
79320	212
74400	59
75720	121
2100	46
81000	167
82680	123
78120	89
82560	108
41340	30
84900	53
360	122
84000	179
19260	200
81600	114
6480	22
83160	23
22020	229
50880	27
83640	29
84660	96
56580	59
86340	138
53880	50
2100	47
2340	104
660	5
81780	35
1980	6
13920	103
45120	195
72780	184
5400	113
5700	100
6480	121
25620	204
21480	151
26940	32
9060	36
29220	6
26220	151
40500	27
23520	10
21720	36
30240	18
33780	182
27240	143
31680	154
30480	13
31500	112
28980	126
27120	99
34080	105
32940	127
35580	150
34500	135
29760	132
33420	180
30660	138
35940	144
33720	15
32160	145
37200	152
32640	132
34140	120
33000	119
35220	15
37020	195
36720	149
34140	180
34320	160
33780	14
37920	165
38760	144
35820	155
37320	46
35100	127
48420	83
36600	137
36900	134
41340	11
35640	86
37620	227
38580	113
40920	18
39960	110
65160	227
49680	4
36420	5
38340	170
37860	110
41640	19
41700	40
77100	107
43320	182
41040	69
43020	136
45960	151
54840	24
65040	0
46080	3
44580	158
45780	123
68760	35
46620	163
45840	140
44700	151
47820	126
46380	148
45060	31
57600	17
48240	131
49680	21
62040	160
48660	150
53580	126
54240	36
46200	3
68520	181
58500	54
54060	168
50580	147
51600	61
69120	93
56340	133
55620	166
55800	179
67020	7
51900	10
58260	123
57120	127
49140	144
54720	134
50640	83
57600	127
67020	0
61200	172
58680	215
58380	155
57720	51
51540	134
55440	139
26220	25
54300	88
57120	115
58320	125
84720	38
55140	161
56220	144
60060	16
55620	151
58080	33
58860	177
71040	7
67440	47
60840	106
57420	180
77520	179
26880	23
61740	30
30300	99
63180	107
61800	11
62580	154
60180	21
66420	52
58980	139
61320	112
63300	129
73080	21
65760	84
68520	106
76140	27
67260	122
74400	12
74580	27
68100	135
77400	29
64740	46
78780	159
67800	102
66180	40
64680	126
69120	61
76380	6
75420	7
77280	26
67020	25
67920	168
69000	176
66660	25
73260	14
80400	18
69960	150
72960	92
84900	39
71280	128
68280	126
68520	116
66060	92
71460	37
70500	41
84960	8
72240	60
73080	100
72540	129
82500	43
82620	42
76260	133
72780	24
69660	131
74160	147
19740	26
120	118
5100	3
75840	86
73260	142
77640	149
31260	17
74580	145
76380	18
76260	127
80160	122
74940	166
78540	134
78000	186
81900	100
75960	63
77940	139
78720	148
81660	148
1140	53
78240	175
82320	164
81060	159
80400	152
76800	123
82260	183
76500	55
80700	180
82200	135
85560	118
33780	165
83340	166
82560	165
51180	47
19320	218
51480	20
56880	42
50520	176
84540	12
84480	162
84900	123
52620	42
84960	96
0	110
1980	8
80940	97
2580	105
13980	66
17040	95
14400	179
3660	95
4380	169
720	80
5580	111
5100	14
21960	202
5400	89
51360	161
20220	87
7980	123
25320	71
27840	62
15000	44
13080	75
16260	208
41580	39
27600	146
30660	161
21660	85
29820	16
33900	180
32160	115
31080	105
28140	89
26760	94
29220	119
33060	149
29340	133
32340	115
33180	135
34140	102
35520	146
36660	139
31980	150
33420	179
36000	132
32220	116
31440	158
30000	124
34380	163
34380	122
34500	151
33720	134
36660	14
36180	147
38700	153
38160	150
34440	178
34980	152
33240	169
37740	31
9840	49
46920	89
35460	146
40200	124
49380	2
39000	113
44340	173
51360	7
42780	173
40440	174
42720	47
54180	21
42360	137
45660	166
65040	0
44220	108
45000	130
53820	40
70140	24
71100	20
48000	122
44940	151
46140	136
2160	243
61620	7
50820	182
50400	116
49500	147
48120	61
45540	85
64380	73
48900	158
53400	113
48180	157
51060	141
51180	188
55920	112
46560	2
13380	137
59160	43
56760	149
51840	6
53520	99
53640	98
55500	135
57120	216
53940	171
24360	21
54600	154
54960	112
63300	88
61020	120
58980	36
56220	126
61320	113
58800	25
60720	120
66780	48
57540	104
70620	11
60300	117
65640	160
27300	27
60960	46
62400	161
65040	152
64380	78
70020	40
61740	84
74100	15
69900	195
64140	125
59880	63
61320	136
66480	143
76920	58
66780	166
74700	12
77700	54
62100	190
63780	128
75060	17
83280	34
64980	29
69180	120
68040	155
76500	20
68640	147
79560	129
65820	217
68340	149
65160	154
75360	1
78480	61
68100	152
78840	25
75660	40
67140	24
70800	208
68940	197
71280	37
35100	83
71760	171
71340	144
74880	138
65640	68
67080	145
70020	91
70320	61
71880	49
85920	0
71580	179
69480	157
80220	67
72060	172
74100	96
74280	127
84000	52
74220	140
73500	197
71340	35
76800	123
75360	15
76500	96
75660	80
70140	132
75240	122
80040	12
74940	100
76620	160
74820	149
76920	123
79980	147
77160	108
77340	39
81660	122
74760	162
74580	84
81360	7
77580	158
540	34
80700	158
81000	139
77280	145
77700	82
78960	141
83160	105
80220	92
78600	125
82620	171
78480	92
82500	116
43560	216
84000	68
80040	146
55080	55
83280	179
83700	66
23100	225
85680	144
52080	129
50160	37
65940	125
85500	136
840	6
2940	170
85920	14
81060	157
1200	122
1560	27
3300	151
5040	139
2400	119
18660	74
86100	105
46560	88
4440	30
6960	56
7860	189
15660	150
63360	200
4920	123
5220	103
60420	105
18960	36
29040	85
22260	146
22560	11
27900	28
25260	160
14580	37
9240	95
30600	2
28440	11
23820	3
34320	182
27840	147
31320	146
28020	81
29880	118
34020	148
29940	113
34140	136
31680	109
35820	92
29400	147
32820	148
31560	147
33960	21
35940	153
35220	168
34740	127
37800	152
36060	157
36660	116
33060	22
36780	26
39480	103
38040	146
34260	123
36060	144
40320	137
35160	177
40260	100
47580	53
38340	76
39180	114
36540	99
37680	60
66120	213
43560	8
40980	34
42060	135
41040	178
41880	31
54840	28
44700	171
40800	236
42660	158
41880	140
40440	106
44100	165
71820	0
43440	143
16920	30
47640	146
47460	130
71340	25
45780	166
69660	17
45960	118
44640	155
60360	164
51000	232
49500	126
64080	73
53220	130
49740	217
16740	88
49620	165
48480	137
47580	102
55380	52
50580	126
67320	260
19980	17
53700	162
55380	144
51900	10
58980	42
55500	224
52200	167
50280	65
49620	107
57660	154
9060	153
49140	138
53760	182
68100	13
68760	57
53580	110
55200	164
58800	132
58740	47
57480	156
52740	160
68580	3
59640	170
55740	150
58320	182
60300	160
56820	177
58440	220
85920	196
54420	185
25620	35
65700	36
59400	146
62580	147
76560	1
64080	81
63120	162
62760	163
62460	162
76680	20
60900	204
61920	118
66660	158
67320	150
64380	178
61080	26
66300	193
65580	179
74400	16
65940	211
75360	79
66540	64
33180	204
70380	17
75360	13
78960	27
68340	168
79980	116
64740	133
65700	126
71820	124
33660	36
69240	118
72660	155
70200	159
73680	37
25260	25
71940	182
65940	129
65520	89
74520	134
780	2
68760	64
78660	162
80520	53
71400	87
69480	130
80280	15
73440	232
72420	69
71520	139
70380	144
20280	22
69360	125
3780	15
73140	128
76560	12
82560	8
3960	107
75660	152
83160	53
73980	189
77400	151
75360	13
76860	144
71760	77
76680	88
75780	105
74340	154
76200	144
4440	75
73680	93
78480	102
76740	156
76080	182
77040	148
82080	119
81360	16
78840	108
79140	25
3480	31
81660	49
32280	97
80880	138
84000	163
63120	0
80220	107
18600	221
83880	186
83160	112
81960	71
82680	15
51720	34
82560	172
84960	37
85560	178
2700	194
3720	160
780	10
4440	86
18780	188
3480	81
4560	96
6480	141
61020	79
7620	111
7920	97
22320	131
19860	10
28620	224
21780	174
7500	172
7860	244
15240	55
29820	30
25740	161
16620	213
10080	126
10560	193
28500	166
29400	128
43860	22
22500	57
29940	14
34200	182
29700	159
30360	141
33420	156
35220	97
30660	155
30060	96
32760	146
31320	118
31620	157
34860	116
30180	157
33600	139
35880	154
34920	106
34380	158
35460	137
38700	148
33780	226
47700	79
36060	119
38700	213
36360	99
36600	4
35640	96
37620	112
41340	145
38160	101
39240	157
42480	131
41580	11
42120	151
44820	3
41040	57
54240	28
53400	62
46740	15
43920	110
44640	155
65340	0
44880	3
45420	143
46320	98
47160	130
45060	154
46260	98
47880	140
61560	35
60840	152
58080	7
49020	77
44460	209
44340	88
43860	104
48720	83
53580	124
50340	185
48420	146
53280	53
47700	78
51600	158
60960	55
55920	123
55680	150
54900	153
56580	214
55800	156
61560	73
56460	130
57840	123
67140	15
64860	1
52680	97
49620	123
55800	143
53820	37
58080	150
53400	59
52680	146
55020	131
56220	103
55920	157
57780	137
54600	87
56880	93
24240	217
59580	149
56940	200
70320	24
60180	225
72420	0
64740	170
57960	191
58380	8
60180	128
61920	144
63780	89
73620	26
76020	109
58860	111
67920	160
29580	70
62340	118
59280	51
68940	13
32040	245
77460	153
65760	36
66720	170
65280	156
66060	175
63420	138
64740	137
68640	151
64860	21
61920	11
66180	53
79680	31
68400	156
75300	65
68460	160
79560	130
68580	141
66360	68
77520	43
76140	33
65880	126
77880	32
69000	174
67860	83
77220	61
74940	54
72060	137
73140	10
70740	179
78540	29
72420	20
69060	69
35160	169
80640	50
80280	45
70320	30
68940	142
68700	131
72480	158
72960	115
68160	6
77040	119
71760	125
83220	60
74700	170
75720	102
75900	140
42480	162
75300	88
32340	40
75780	180
74040	143
76020	67
74580	80
85080	82
74460	129
77580	172
76800	91
80100	159
75540	122
78720	135
82200	127
86280	84
78540	118
80520	172
81060	110
77520	114
81480	165
77880	60
81360	75
18540	206
85080	71
19380	84
52140	51
55560	52
50340	86
84480	23
60	159
85380	5
360	113
80760	152
86280	72
85860	4
480	119
14820	107
14700	165
3840	132
6000	1
73140	134
60420	199
23760	201
21540	172
19620	54
24900	135
8820	124
17460	192
40740	26
23460	3
22680	108
32700	181
33900	111
26640	82
29340	120
29940	156
29880	78
33780	114
35640	147
31920	151
31800	153
31620	157
33660	6
33540	149
34680	123
32460	115
30180	139
36840	140
33480	151
34560	222
29820	44
35460	116
32880	19
38880	169
33960	31
38160	152
36120	141
34080	163
33180	159
36900	87
47220	65
41820	16
38100	72
42180	162
43680	136
40500	148
65760	240
42480	37
42000	19
44640	113
55080	139
42000	168
41160	239
14760	36
43440	145
51000	73
53220	8
43860	177
65460	0
54360	23
43500	7
47340	167
46560	21
44220	127
42660	61
69360	34
52800	41
48180	149
45240	42
70620	26
44880	158
43140	148
61980	164
48720	23
47820	178
44880	87
58920	62
48960	164
50280	68
53640	126
50040	171
47220	63
55620	51
13500	174
52800	164
70680	105
6600	44
52440	163
50580	147
54660	185
51420	10
55800	17
49080	210
53160	274
54480	147
51000	52
55200	8
51960	175
53220	152
54900	165
64620	73
56460	150
65460	2
62640	170
55740	9
55920	136
58140	30
67800	12
12780	59
58920	98
58740	34
56160	106
58620	146
57900	162
65280	62
57900	27
56340	142
60660	131
61800	86
68160	48
55920	187
70200	23
26100	54
61680	153
58500	14
30720	119
28620	40
61740	76
65040	54
65460	157
64440	180
62100	222
60180	140
64380	147
57180	147
63000	137
73920	10
66780	239
74760	45
62100	194
67800	149
76260	56
65460	25
69960	146
75960	89
70680	49
79920	133
77280	63
79500	25
66780	172
69240	162
67680	80
65580	133
68040	150
76080	36
69240	36
25140	16
68160	95
71040	186
72660	18
85920	2
66000	135
69180	104
35220	223
71520	178
69120	151
68640	139
71340	127
71580	90
73140	19
73560	147
84720	51
83160	59
75060	91
75600	125
1260	113
77880	9
70920	38
83340	64
74220	28
77580	171
76080	88
76260	100
75360	141
77040	129
73800	95
74940	146
77520	156
74760	97
81720	100
80040	164
76860	132
77280	98
77880	7
85380	34
18000	194
81000	110
80460	130
82440	166
82200	107
78060	105
81420	131
0	80
82080	127
83580	145
84480	154
17520	207
82860	155
85860	151
83880	8
83340	101
55320	54
52260	50
60780	186
85500	41
83160	67
360	146
1020	131
85380	108
1740	120
660	144
85920	6
9180	239
2220	12
3660	107
46320	214
17700	188
3840	134
16440	115
26100	196
22800	116
5820	234
22440	126
27360	61
12240	88
25500	83
14340	56
29940	20
34200	182
26760	83
29280	109
33420	157
30900	158
34500	92
33000	123
33960	116
33720	144
35520	131
33720	164
35760	129
34980	151
32820	154
34140	159
36600	133
30480	149
34500	222
38220	126
33300	175
36000	25
37740	28
36900	104
32640	236
41220	218
33540	63
41460	180
37200	62
37020	124
37320	117
36060	120
36300	108
38280	132
37500	102
50880	23
44880	106
55920	22
42780	91
43020	158
52920	7
53880	57
46920	170
44700	4
47760	135
45360	145
44220	158
68280	190
47040	107
62340	70
61920	142
44220	186
48060	125
48900	11
48660	143
53040	158
49080	141
46320	3
55020	122
55800	147
52800	121
50880	84
61800	78
49380	192
52920	149
51360	210
54840	151
55140	162
54480	153
64980	38
49260	44
56400	221
24420	46
56220	139
49140	159
66000	4
54540	160
68040	9
56400	161
63900	101
57720	21
58560	175
55440	164
58920	173
55920	111
56520	140
61620	8
70020	21
54720	8
61440	140
62340	77
59880	50
30720	60
65940	166
27240	47
74640	46
70740	54
63840	138
61320	101
62520	226
65700	182
64980	47
62880	107
67140	165
77340	49
62040	213
64200	174
69000	48
76560	54
64620	252
75480	28
70140	128
79620	126
68580	147
68820	160
78480	43
79380	34
67980	119
66360	228
73080	84
23640	36
69300	180
71160	181
82800	129
1140	4
69840	128
68940	51
65640	86
68220	21
71880	32
71460	130
84900	33
80580	52
68700	128
72000	125
73140	131
74940	95
19740	23
76500	7
74880	9
74640	92
76920	111
73080	54
76560	102
85080	28
81420	143
75780	87
76680	96
77460	169
75360	109
76740	91
79620	123
77100	88
77340	75
77760	87
79320	117
82560	97
80820	229
2340	22
80580	104
83880	148
83700	10
33480	162
19380	217
79380	105
83340	6
83580	40
84600	227
2880	81
51420	39
85440	139
53100	83
57180	35
51180	57
85080	83
80520	161
1140	2
14580	82
19020	108
47700	146
2340	84
3420	124
5100	111
64500	30
64500	204
59280	121
25860	63
22320	92
18300	9
39240	100
20340	139
21960	147
27780	18
7080	214
25560	81
16080	45
17520	209
26400	156
17940	60
23160	13
21540	76
31440	123
40980	174
29880	115
32520	91
35400	98
33840	136
31140	153
35580	131
30060	94
31680	110
34500	182
32400	110
36540	119
34560	136
31680	154
33960	175
33480	114
38280	154
36240	11
35280	139
34380	149
33180	12
32220	134
37680	142
40380	83
37020	111
32580	133
32820	107
38160	130
36660	145
37860	239
35940	110
36060	130
38760	92
37380	116
34920	6
49200	0
38940	179
43080	90
37680	97
55080	95
41100	162
44160	178
42000	262
51540	55
58620	17
41340	232
65940	0
43080	4
46860	125
46680	4
47280	118
53160	44
19320	20
71220	38
70260	25
46440	114
1860	70
59880	18
50520	163
49200	12
48780	37
44340	96
61680	128
52980	114
52260	7
50940	174
54060	32
52560	121
57360	45
70560	51
50520	5
67260	172
54360	154
54900	227
53760	166
54420	162
55920	132
53940	140
51540	75
49020	136
55980	108
56340	136
58200	205
55740	135
57540	187
63960	107
54240	133
51900	95
25140	20
59040	177
57360	160
65280	83
26340	21
70860	16
58800	126
57240	114
71580	3
60960	156
30420	122
65340	181
63360	132
70020	40
72840	42
84000	69
62640	25
66060	180
77220	106
69060	16
67680	229
65400	20
80220	198
70080	119
79500	97
67980	100
76500	27
78960	60
66120	53
64920	138
65820	127
69420	123
66300	172
78180	12
67800	142
75360	66
70560	82
78600	21
70680	175
71580	10
80820	3
66840	105
65520	124
34680	190
70680	33
70020	76
72540	211
70380	51
71520	144
69060	137
2460	0
68820	127
73680	105
76380	17
74700	63
73020	131
75660	127
780	90
83820	30
72840	112
82620	3
69840	152
75300	186
73800	124
39060	59
77040	177
75960	87
75780	126
31860	16
78180	53
80460	130
76200	124
78840	137
77280	118
76860	80
77640	69
80040	149
76080	160
78480	137
80820	147
42900	35
76380	69
82020	16
83460	161
78600	133
81720	103
83940	152
84780	164
82380	110
82620	24
56280	52
2640	48
85920	133
84180	216
21780	204
51420	34
83700	181
6120	52
60	122
85800	67
8940	4
1440	113
80520	79
1740	121
86220	50
4440	121
18240	198
24420	162
2460	4
46140	170
4320	94
5820	130
6120	78
28920	188
74160	214
20700	6
19140	53
18600	200
7380	114
14820	49
27000	174
27660	12
40860	37
32220	24
34560	181
27780	158
34980	85
27240	90
32340	102
34260	87
33840	145
31320	147
30840	155
35760	162
32880	16
53400	151
29160	135
32160	145
34440	149
33840	119
34140	118
36900	123
35340	11
34020	171
34980	145
33480	14
35820	124
33540	76
37440	133
33240	50
41040	85
35640	81
37560	71
37500	225
39600	98
36840	74
37680	131
41880	139
44220	103
41760	125
50580	3
41460	155
42120	165
55200	25
65400	0
51780	56
42240	7
47100	140
45780	105
46380	2
44640	98
69360	26
46500	137
70620	14
67980	150
44340	160
48900	15
58680	7
47880	90
51120	120
49260	138
48900	107
44700	72
52800	144
50460	154
51660	165
48420	135
5460	122
57300	42
51600	129
69840	98
19260	17
53820	124
64080	55
50580	129
54600	146
54960	35
57120	168
55140	119
53280	74
52920	146
55920	41
24180	52
51780	78
56700	105
53400	139
56160	124
55620	133
49440	154
57060	138
58680	125
63600	141
58560	203
9540	171
52620	103
58020	25
58380	41
56940	95
59760	234
85560	40
61140	15
57180	134
70200	3
54720	156
65280	69
75300	17
60840	147
68760	119
62520	7
63840	181
74160	12
63240	169
61320	104
30360	71
70080	34
67020	165
76920	114
67380	59
74580	11
67680	137
61620	116
77580	54
76440	61
68940	124
80040	25
67440	178
69840	213
74760	0
61740	191
75720	40
65100	59
79260	90
68820	158
67320	185
65100	137
67560	53
65820	25
36180	78
69720	44
73860	121
79080	4
71760	209
69240	65
71460	157
80340	30
70200	26
67860	115
75600	27
69060	133
71580	29
85020	10
27060	17
68460	136
72540	131
74160	94
75300	85
75180	99
75240	85
73500	146
74580	180
72960	123
74760	27
20640	30
74760	19
78480	131
71160	185
75360	129
74940	82
76020	111
75840	25
76680	115
77940	4
75480	156
77100	176
79740	124
78540	137
81600	111
79080	143
79620	165
79740	150
75600	86
77580	48
81780	210
85860	50
720	35
32640	192
83100	128
82560	136
77820	82
84720	175
81900	118
80040	135
52020	79
17880	112
83400	101
52560	36
55740	56
8400	8
85020	93
1260	109
720	69
3180	151
15240	107
1800	8
3360	78
85200	121
18540	68
3780	3
3660	202
5880	87
22740	83
18960	11
17700	48
26820	83
52260	99
26520	171
28080	4
21720	109
26640	87
32220	113
34860	80
31320	89
30540	142
33780	101
33900	149
35580	181
32040	136
29760	110
31560	152
31140	145
29280	131
33780	128
32460	115
36060	16
33600	123
35160	120
37200	142
36360	144
34680	159
35940	154
36240	62
33300	21
34980	160
35100	161
37980	154
33600	131
39480	120
41340	158
37380	28
37080	131
33300	161
36840	91
37860	43
36240	49
38580	121
39600	134
37800	50
35340	3
41520	133
36540	81
49440	0
41040	6
41160	160
38760	113
65280	52
41640	172
42120	156
40080	172
52320	44
41700	136
55140	24
64980	0
43500	100
45900	9
54900	50
45240	112
51840	32
68580	22
44820	154
49260	102
46200	102
49920	118
43260	159
70680	12
61440	104
59640	18
48480	108
56520	26
52800	148
13800	107
54900	31
46380	89
51360	143
52440	154
53880	162
68700	58
54540	140
52980	15
55080	122
52680	175
55620	23
54600	156
24720	22
65460	7
67440	8
59640	126
52320	73
49020	129
56040	155
57600	4
55920	164
54780	117
51660	84
65580	130
58380	30
60360	153
85260	120
66180	47
58800	30
56700	102
60300	134
57780	96
70980	9
59340	195
57720	135
59940	139
64980	129
63540	162
75000	10
60000	116
72960	16
59040	69
62280	17
65280	175
65160	96
67260	148
67800	177
63300	91
68640	131
76800	26
69840	152
74460	9
66840	166
62100	186
69240	185
65460	20
79440	69
68340	130
77040	33
65160	115
69840	233
77340	57
66660	131
66300	181
75540	49
80460	34
80700	110
69360	125
69240	58
75060	141
71040	141
69480	93
82860	11
72840	55
85440	183
72420	162
73560	134
480	0
72840	126
74580	103
81720	3
74880	186
70440	128
76440	16
960	102
75360	103
75120	180
69060	117
70800	90
78840	118
75540	71
74580	118
74880	138
32460	19
86220	40
75960	136
41760	49
79320	156
2340	15
81120	113
78240	128
81360	128
75360	102
77040	120
76800	92
77820	125
80580	186
79620	7
75720	73
81960	98
77340	83
82620	141
79860	202
43980	71
81000	18
78540	143
82860	107
82980	23
82980	23
18840	122
86220	56
84060	154
84420	77
55680	50
240	121
420	60
3000	123
2340	52
3120	138
14100	120
46980	242
18000	125
16200	165
63900	72
540	271
6180	82
66240	196
23460	129
28200	21
7920	148
26220	110
27000	166
27180	9
21840	55
30720	18
34920	182
31920	125
28740	81
26760	88
32580	99
56100	188
30300	145
31500	140
34680	88
35820	179
34020	154
32100	106
35400	133
34800	107
34560	149
36300	14
37140	167
33540	181
35520	149
32760	5
37980	149
35340	144
38940	126
36480	154
36780	128
33600	163
39420	92
38820	18
37560	223
36000	135
47700	49
36960	53
36300	62
43980	22
41760	22
38580	186
53460	96
49620	1
41280	17
63720	41
45240	130
44940	179
78720	200
43320	98
44820	13
17640	32
42060	128
46560	164
54060	63
53880	21
68520	25
44640	92
46860	127
45060	6
48480	125
47040	157
38100	152
43920	14
46260	119
48000	182
44040	134
63480	81
51120	215
49620	23
44460	100
51840	117
49440	133
52860	168
54180	37
51000	168
48900	140
64140	135
51600	134
46620	4
51960	160
20100	16
54300	168
70200	72
50640	21
54960	139
69000	107
55380	148
54480	172
63240	54
8940	187
50340	33
52320	120
55740	155
55920	195
53880	136
56520	28
56760	140
49260	128
66600	0
68400	12
58500	178
64500	174
54540	78
24720	32
54780	139
58020	182
85020	124
59580	30
59400	162
66900	53
55560	159
54960	135
60480	152
58620	156
64980	146
60780	180
27480	52
63480	78
62640	179
60660	172
58800	112
63240	46
65640	158
30480	263
61440	200
62340	175
64860	108
64260	157
69720	28
5940	174
69240	8
74640	27
75720	123
76740	67
66780	182
67620	167
77580	25
69660	158
70140	172
70200	88
67080	162
77400	27
65100	67
67740	114
66060	63
67560	186
68640	104
66600	25
75960	23
66900	109
73080	5
64200	52
70680	203
67440	25
25380	13
70140	61
71400	180
69720	104
70260	26
69240	154
74220	137
80580	63
79500	5
84540	21
68700	134
67980	113
18300	16
75240	169
74640	93
73620	123
420	93
76260	121
70680	98
73500	117
85860	44
75840	155
77340	95
75960	20
32700	40
76740	103
74340	161
76080	103
76620	106
76920	159
81180	131
77640	146
75960	141
78840	175
78360	66
79800	24
86280	108
1740	3
82380	154
77400	143
77400	65
81900	108
81600	163
82020	136
16200	190
85320	158
19740	129
1500	59
85920	263
51540	79
81240	75
51060	27
300	128
86040	135
85860	64
53880	35
1920	177
84540	81
0	22
360	46
720	5
1740	10
4620	171
2700	35
4320	107
180	218
59220	42
6120	117
7980	2
62520	46
17940	54
26940	27
22080	112
12060	17
8520	169
15900	205
25680	171
23400	132
30180	17
37800	98
33300	178
40560	8
28680	104
30120	176
33180	148
35100	93
29280	115
27120	103
32340	107
33060	113
33900	135
30600	159
31140	143
35700	172
30420	90
34680	169
34680	158
32160	153
33780	116
30060	123
31020	141
29880	158
32040	121
36300	148
35220	133
35400	148
34980	154
35940	9
34800	107
38940	135
35820	96
37920	150
33000	47
34140	121
38100	105
36720	84
37800	60
36180	82
41400	138
64620	230
40140	93
39480	142
41880	146
42240	12
42120	163
38580	68
45360	120
54960	19
44040	149
47760	162
53580	29
85020	99
55440	69
69660	29
54660	77
68460	35
65640	0
46200	139
43800	85
44880	159
67920	206
49020	128
46680	145
46980	7
62280	27
62340	151
48720	25
50580	178
48180	135
63960	68
49920	173
52680	19
53160	162
53880	49
47880	77
51540	176
49140	140
52440	150
50220	82
57420	38
61320	29
50880	13
54420	160
51420	135
48900	208
54180	147
54120	173
52140	97
54240	191
55620	137
62280	78
65100	9
56700	146
56760	134
24360	42
68280	9
57240	30
58440	31
54660	30
55200	75
56520	93
55800	113
57840	33
22920	151
61320	133
54360	152
59340	113
67680	28
56940	33
71220	18
58320	6
61680	152
64980	179
58680	225
62580	116
63960	85
62400	60
66960	115
65640	156
73680	12
69600	75
69300	15
60240	97
30840	175
74100	12
66000	185
64920	121
67140	157
68040	112
77400	142
67260	164
78960	67
77700	16
65100	14
64500	137
62100	4
81240	52
74640	140
78420	26
65940	46
79980	108
68040	167
69960	123
69000	53
78120	25
75960	13
78240	26
64920	145
75120	38
69660	179
84360	0
66780	22
67440	121
66480	124
72300	10
69180	174
74760	155
69600	53
67020	144
79080	49
36120	117
80820	14
71520	39
72900	190
71940	166
79560	95
73680	94
67800	4
72540	33
74400	121
69840	155
84360	56
73200	132
72060	105
81840	46
960	134
76980	183
71700	120
75780	140
75120	88
75480	45
77700	58
75000	151
73980	140
75540	76
76500	187
76260	85
79200	149
77580	13
75960	120
81600	143
86160	38
41580	163
78420	159
82320	112
81600	161
81000	113
37080	187
82560	119
81960	161
0	53
82800	155
80820	155
78960	87
80340	96
81840	55
84360	68
8640	211
78000	80
16860	219
86040	160
83580	10
54720	55
23100	221
1800	105
81420	224
4440	159
7920	173
46260	234
4140	153
58560	118
7800	130
74820	162
48840	31
19440	9
25920	135
22320	135
26700	23
14220	56
29700	7
42960	39
28680	14
29580	173
22800	3
17520	172
24000	61
30180	17
28860	88
32160	147
27240	87
36300	108
35100	101
30360	135
34320	65
34320	121
34200	124
34380	144
31320	137
34620	149
34260	162
31560	131
34980	166
35760	24
32400	110
33960	225
35220	114
33420	6
38400	147
36000	138
34380	181
53100	114
47100	49
37140	50
42540	19
37200	88
38700	158
36840	70
36540	106
41160	137
49200	0
37920	153
82380	46
40680	17
54840	131
41580	20
37500	105
44340	177
41460	130
40380	47
44520	8
52920	101
46380	169
15180	38
66360	0
43560	115
42360	8
53880	57
52860	43
44220	149
69120	27
46080	126
48120	160
44820	157
46500	127
61680	148
50880	120
43980	158
44340	203
49200	25
52020	213
50220	175
65520	101
54600	50
16320	21
18780	36
56100	80
67800	75
50400	143
51780	7
53760	160
54060	111
55140	122
52920	59
52320	118
64680	67
56640	178
23640	36
48360	144
51900	206
56400	13
53220	115
67020	10
9840	61
57300	126
57540	228
55800	166
54600	134
62100	31
56040	229
59880	102
59160	157
57240	51
54900	164
55380	166
58020	28
70800	22
58800	114
57540	53
26460	31
61320	155
65040	152
58920	15
67920	39
71940	3
63180	169
69480	41
75000	17
61020	129
75240	77
64680	50
77940	124
58200	133
67440	55
73260	55
74400	23
62400	138
2160	32
67980	179
67680	238
79380	24
77580	20
69840	137
63960	35
65520	26
80280	111
64440	51
61860	216
80760	42
67140	166
69240	165
68160	55
66900	70
25860	15
67260	93
68520	82
66780	116
75720	54
69840	164
71760	172
1140	0
79920	18
77280	66
71580	187
65760	154
35400	42
65340	160
70200	43
69480	90
79800	54
69720	126
82260	37
67800	152
72660	103
75000	145
73140	43
75360	158
75000	102
74280	144
1740	140
74820	29
76560	117
77460	132
68880	106
70560	114
76980	156
75960	156
31680	33
74040	138
76200	146
0	43
84840	44
74580	137
76800	133
77280	52
81480	117
78240	166
480	2
78120	126
78600	45
79920	146
81780	137
82500	134
83580	161
81840	105
77580	89
78900	120
85020	113
16020	154
80760	131
85440	151
85680	130
83940	187
55200	50
84600	87
7080	4
86280	121
51720	32
81600	100
86340	6
2580	159
480	6
180	66
3120	5
15660	132
14880	191
18600	49
2160	61
4320	106
64140	109
23460	224
21240	103
16680	55
5520	61
12060	19
25380	136
15180	46
27360	18
41040	42
30600	17
28860	110
27180	106
34440	88
29940	127
32460	106
34740	135
35940	89
30120	151
34320	122
35520	125
32160	127
30120	85
28920	138
30300	141
31800	102
34860	152
37080	147
35340	132
32760	134
35640	154
34740	178
39720	154
35520	156
37920	161
35160	111
33300	167
40260	173
36480	144
47100	69
38040	49
38520	128
37380	103
36480	119
38340	152
44340	205
36960	107
48600	0
36780	115
37140	24
52200	29
43740	110
44640	6
42420	154
43020	138
65940	0
44100	14
55740	35
55080	141
69960	36
51660	19
44460	141
13500	127
46620	95
43440	125
50700	144
62700	112
48060	197
50880	169
61560	10
47100	82
49980	127
46320	24
52980	162
55620	48
50820	16
52380	170
58560	55
55920	159
20160	32
63900	51
48900	210
49920	113
53280	49
52200	62
54120	135
67500	11
57180	7
56040	223
9720	106
26340	48
49020	135
53040	154
54240	94
57000	32
65340	5
55320	145
52740	182
58200	144
58740	223
62400	134
61560	125
57540	154
85620	123
55560	112
59940	164
62760	119
62700	52
27360	46
60180	184
59160	176
61620	173
61860	130
64680	192
63960	10
69720	38
64920	176
65940	156
63240	136
65160	109
68640	26
71220	45
65400	86
75360	14
74640	34
66960	182
86220	48
68040	182
63780	119
65340	22
61320	197
79200	109
65580	49
68400	108
67380	53
65700	137
67560	167
78060	12
70320	164
73320	53
24780	24
65400	101
80460	7
35880	214
66000	160
72360	182
69720	59
80880	60
71760	168
68640	129
71580	39
67080	128
74640	125
79560	0
77400	137
71220	112
3600	0
70860	25
75840	118
75000	149
74760	34
74280	86
75360	106
73980	139
1080	32
79560	132
81000	107
73320	63
32820	15
72120	110
78360	178
74520	131
84000	141
2640	0
77400	33
78420	180
82500	124
240	58
77580	101
1020	0
82380	125
2400	32
80460	117
80280	115
33960	20
79680	178
77640	164
83460	163
81240	17
1560	58
83700	218
16860	136
80880	86
85800	229
52800	32
58560	47
54120	45
84660	128
2700	169
1080	41
3300	152
240	75
80820	51
1200	173
46860	214
14700	181
3600	3
6720	137
2400	101
59040	72
21120	211
5760	79
59340	68
57420	133
29100	211
16560	44
15780	167
16860	36
27840	234
27540	166
44400	31
24960	8
21420	104
29820	24
34440	178
29220	109
34980	92
32580	88
30480	99
31260	138
36420	152
33780	166
36120	136
34860	130
32160	140
30360	68
32880	141
32280	93
34860	147
36780	90
37200	142
36060	143
37080	146
35100	171
35280	134
36900	25
34140	148
36660	135
38040	127
40680	115
47280	51
35460	23
41580	91
35820	119
36960	167
36540	108
37800	6
39240	130
39420	209
40920	157
37680	138
48900	2
41700	11
43500	174
42120	153
44280	132
51420	32
54720	16
43080	177
40560	32
42240	12
85800	86
44040	139
68640	1
46740	152
54420	48
45420	130
70560	21
47520	125
61860	27
46200	102
43680	174
45120	113
64440	40
47100	114
50520	164
48180	131
48900	22
59520	14
52800	8
50460	184
47280	75
69060	133
15480	135
52860	161
54960	149
6960	33
47220	24
51240	140
59460	40
53100	85
52200	13
52980	145
55740	225
51420	76
49080	38
54240	156
49680	154
66240	13
56460	220
25020	33
56940	93
56820	148
67500	8
54540	173
63480	43
57360	24
51720	139
57660	136
58200	182
54600	124
54960	106
59280	21
58860	145
65760	49
59100	142
55980	122
67020	16
59640	164
27300	33
62580	133
70080	14
72180	3
59220	92
65460	130
58920	19
62100	160
60240	123
70260	43
63960	111
31200	196
58920	69
77340	115
69060	121
72660	19
62520	110
67560	190
75240	20
65280	46
68040	124
68640	148
60960	209
79440	22
79200	114
78180	60
71280	124
66240	12
77880	14
65220	195
70440	11
67800	133
67620	31
78840	42
65760	68
75900	64
68340	170
69600	49
67020	118
66360	23
36000	142
66780	116
72180	6
66420	146
69840	31
80160	5
71940	180
66180	164
85560	1
75600	101
82020	19
74100	167
72360	157
68100	1
81840	28
68520	144
73800	106
75000	141
70440	125
82200	3
74340	185
83940	64
75660	141
82920	31
75660	17
73440	96
78840	119
71100	127
32520	29
69660	11
75900	80
2160	102
75120	117
79740	141
79440	154
77280	83
76680	106
75240	106
77880	123
1500	0
80520	121
81180	150
83280	147
78840	103
77040	57
78180	77
42120	83
79560	99
82200	81
83940	41
81840	119
81360	55
84540	127
17220	165
81540	152
84240	115
51960	34
81480	54
85320	59
840	102
22620	202
82020	109
540	134
53580	45
8460	2
86100	108
2820	156
60	169
85920	163
4080	2
15000	132
3060	30
57120	39
17880	112
3540	118
79500	161
18540	32
22320	71
27780	200
18480	42
10020	67
21480	122
8520	245
26760	177
30360	5
41820	29
31320	34
21840	157
30360	23
34020	182
29160	109
27420	105
35520	89
27420	59
30240	151
33420	108
34260	130
33180	15
30120	121
36360	156
33240	4
30780	127
35100	163
34140	162
39780	148
35220	124
33000	116
36000	129
34380	172
33780	9
38460	152
40140	116
36840	31
33120	93
34620	145
33540	62
37620	145
56820	47
36960	134
48660	5
36660	104
40560	138
54120	128
37200	81
65040	172
41640	33
44400	24
45660	119
44820	182
53040	147
54600	27
40980	50
55320	16
75480	0
42120	7
55200	143
69780	27
45000	138
46860	143
44700	155
49200	5
46680	140
51240	43
48660	11
61440	144
52320	151
51420	161
61680	20
45660	114
50880	183
56820	102
16440	20
54420	162
55860	37
51180	127
60660	40
50400	81
49560	6
55500	175
52680	136
56640	184
57600	200
54060	128
55260	162
59880	74
68040	7
53760	139
55320	45
62460	228
83940	199
55080	144
54240	49
52140	21
58440	189
58260	155
25560	24
58560	147
61680	120
68580	43
63900	141
57780	145
59460	149
53040	157
61260	126
56340	144
69060	127
60120	206
59700	161
55800	66
61860	17
58860	126
65220	150
60780	126
56820	49
62400	157
6420	22
30000	260
63900	127
68340	120
69060	101
74040	6
65580	168
61740	108
65100	159
77340	101
78840	41
70980	31
77400	36
64860	22
83940	23
69900	121
64680	84
67500	147
69360	159
67080	23
68700	149
69120	174
69660	145
77100	7
68220	168
66240	47
68340	33
65340	200
70560	41
69180	57
72180	117
70620	136
68580	115
74340	15
67740	119
72540	111
69480	90
73020	163
69780	82
70320	24
81600	37
70980	103
83100	139
86040	28
75480	114
77520	154
74040	91
68580	2
71520	118
70260	43
75300	159
84120	33
77640	8
75600	57
79380	6
74160	115
71100	71
1920	130
75720	137
77280	159
74340	145
75300	85
75900	31
1500	2
75960	67
77100	133
77400	64
79800	109
79500	23
35340	24
18060	178
85920	46
80460	147
81780	146
81240	118
77160	63
82980	132
84480	156
4080	24
78120	125
84360	132
80880	70
17940	120
7680	25
85560	103
52800	147
57480	46
84780	210
58860	40
84120	108
83640	129
1440	118
960	87
6060	180
3060	117
3360	4
4140	91
4080	87
58500	152
2040	156
7320	131
6540	129
22320	78
7680	57
28800	209
7080	87
8940	35
13680	176
62700	142
20880	8
9840	87
21960	162
28320	198
24060	106
13200	17
17280	157
80100	127
29100	20
29400	170
21240	68
29940	13
64980	118
28980	122
34620	97
32400	106
34860	87
34860	141
32640	145
31680	6
29580	139
35160	133
31140	170
32400	100
30120	101
36600	142
32760	143
34980	177
29820	139
35040	15
35040	129
34500	102
36840	155
36420	162
37920	133
35460	145
34080	133
37260	29
40440	162
33480	119
36540	115
38340	247
37200	92
40980	153
49200	2
64440	103
37800	125
37020	119
54300	117
41820	181
44460	115
42180	25
44820	176
40140	60
56100	18
46020	6
81360	0
56940	155
54300	97
53640	66
57720	125
46560	119
69540	38
46860	129
68820	50
46200	161
51960	139
62160	140
50940	180
49200	23
48540	64
45120	150
50400	109
49020	162
53640	40
60960	20
53520	161
52200	141
52800	209
62040	13
52680	147
57120	33
51240	13
55140	86
54360	176
51180	198
56580	200
56760	171
52320	89
54000	165
55920	18
50160	144
56280	141
64140	176
25500	17
57240	26
53220	180
58980	20
56940	140
54840	90
53040	124
55740	218
60120	127
60600	115
58440	143
56520	139
54960	103
57060	170
61200	181
27300	9
63240	143
60360	114
67860	52
63720	141
60960	114
70260	46
73680	43
60300	130
58560	138
67980	31
62640	132
77880	97
69360	12
66360	163
62820	124
64380	25
64500	26
75360	35
75060	5
81060	24
69600	138
78780	7
77520	26
76800	29
81060	63
65280	130
79380	31
68700	135
66720	193
66420	130
63960	208
76560	45
69840	46
84960	0
79980	0
71760	162
72660	181
76140	127
69360	149
38040	267
73560	60
79980	144
75000	149
1860	125
75060	16
74340	33
77040	135
75960	118
75960	159
75360	121
86220	48
73020	161
77820	181
32940	15
79440	9
75780	83
81360	101
79260	124
77160	123
82320	78
80640	136
79980	156
81420	177
77940	86
4680	28
78660	132
80520	100
78060	140
79380	111
80400	103
85380	107
84720	147
17460	122
83040	17
22980	190
85860	170
51540	29
86220	61
80820	120
86340	155
7500	9
85560	102
84540	189
84540	0
85680	131
0	151
83760	168
63180	72
81900	87
84900	142
51360	37
1980	151
82320	72
84960	17
180	146
81240	173
86160	106
4260	118
4380	133
2700	118
17640	214
3180	105
2460	31
4740	150
15840	184
4140	123
6180	80
5100	112
18180	5
25200	23
62100	175
8160	227
8580	84
69540	97
19020	56
24180	149
25680	146
12420	40
29040	16
29520	176
24000	17
20880	199
21480	192
46380	28
45420	161
32160	133
35040	96
32280	150
35160	113
35640	180
34200	168
31620	116
31920	146
30300	114
30000	112
32640	91
33900	175
29880	148
34140	155
38400	133
34920	155
35880	160
36480	19
38040	157
33660	58
32460	277
34500	101
40860	120
47760	57
38640	66
35820	101
35940	97
35100	35
41640	154
40380	178
37740	118
54000	118
40140	127
44280	111
44160	114
51060	7
55140	22
54360	28
54240	82
67440	0
42120	7
45300	122
47640	158
69720	26
70080	22
53400	28
46140	132
63960	82
47940	80
45420	161
47220	138
49500	10
48480	163
47100	155
44640	227
49560	21
44400	150
62340	170
52800	148
50640	179
53280	169
48960	142
47760	99
20520	11
53580	10
54360	162
51060	90
52200	179
54480	153
50340	57
53160	6
49140	88
66360	59
52680	188
25020	17
57660	155
59580	110
66120	1
55020	163
59400	209
62280	128
57000	170
57960	138
60360	27
58020	215
54780	96
57240	159
62580	55
56160	182
84900	64
58140	171
40680	66
61440	144
59280	164
61140	135
65460	43
27720	28
55620	155
56040	173
60360	16
70980	24
65520	170
61740	75
63180	136
60120	25
64020	165
75480	32
63180	213
63840	110
65160	37
61980	196
60300	144
70620	33
64980	157
78840	53
77100	45
67440	122
74040	22
76620	53
74940	23
67140	166
59100	150
76200	21
65760	137
68460	114
68340	99
70380	127
64620	50
67740	149
79500	121
66120	23
69120	167
70200	18
76740	15
78540	24
25380	11
69240	144
68520	166
66360	61
69060	108
71220	159
69960	164
74460	123
67020	110
73800	20
69420	182
69480	32
70800	56
80040	37
70620	102
67680	121
84240	24
72120	178
11820	0
75600	158
72900	108
360	135
74220	118
31980	27
82020	41
71700	65
840	147
76620	103
76740	148
81540	140
81120	156
76200	68
76380	164
77040	129
16860	72
79800	119
1980	41
2460	38
85200	105
17340	188
83100	90
81540	116
84540	155
80040	76
85440	149
83220	178
83820	124
52140	34
56880	60
84660	81
84240	42
82020	97
85860	15
80460	109
1380	211
17700	180
15060	96
2460	62
5700	144
15240	204
86280	103
4140	122
6780	162
4620	142
22200	69
18000	249
60300	232
26280	214
19200	56
21900	86
28380	204
25560	200
11820	6
13680	55
11220	156
17400	220
26940	137
31380	31
30660	160
24360	140
31680	140
33300	124
30180	138
31080	122
32700	130
33000	71
34860	121
29880	118
30900	156
31800	152
30000	81
33180	83
34560	155
34140	119
36720	151
36300	21
35520	154
34260	145
39480	135
38160	172
33660	136
37740	152
35880	101
36000	139
47880	100
37080	197
35820	103
36420	108
39180	45
49560	2
64800	255
43800	138
44580	172
52320	54
41460	96
43620	25
45600	120
74640	0
44280	11
46920	136
69360	35
68880	26
61440	42
52920	35
49020	165
69060	97
1800	72
60900	144
48060	125
59460	46
48540	120
45180	131
49500	168
48360	34
51360	206
60600	85
47880	59
16620	181
54360	162
50160	140
46560	172
55620	48
53220	150
52020	16
54120	19
61440	74
53520	141
55020	152
52320	61
58080	210
58320	145
52860	115
75120	8
50820	169
57840	164
67680	24
54240	148
56940	142
57660	29
54780	91
58020	31
56760	90
58140	144
66300	35
55380	193
25560	175
61080	35
71160	23
57300	60
59580	96
59880	157
31680	146
60180	15
80160	71
63360	139
60480	124
60720	206
68040	51
63540	130
75780	22
64680	182
64380	9
68700	13
78060	51
62940	111
68400	166
79740	22
67980	146
64920	46
76860	39
65460	41
80400	85
77340	36
85980	74
67680	31
66300	113
67680	109
70320	168
69300	77
71520	163
71820	174
80580	10
69780	147
80640	21
73920	136
68700	143
67140	159
6300	56
74640	120
72540	128
81780	54
68160	8
69720	138
38040	242
780	51
71640	135
85500	63
960	136
77100	7
75360	122
70740	152
75600	23
74460	29
74100	143
76320	135
77640	102
74940	73
32340	75
78300	183
74520	122
6120	0
77880	13
81240	158
76620	51
420	56
77220	118
79200	130
77340	113
78180	102
75840	85
3360	19
76860	77
81960	93
42180	130
80580	12
80820	151
83160	150
81840	147
16440	174
9540	152
85500	60
180	146
83580	19
80820	146
85260	147
55980	54
6780	12
85680	14
54000	148
780	85
80220	79
420	86
4140	3
57120	101
18480	168
46260	123
4980	159
3360	73
16020	21
6600	105
6120	2
28020	84
19680	173
80640	104
21540	41
10140	120
29640	126
11820	52
25020	102
9780	129
27720	176
25380	147
44880	15
30120	160
28860	114
32160	156
34680	115
27840	96
33300	130
35340	126
32460	23
29880	107
31260	147
34020	115
36060	111
31560	134
30600	156
32280	147
33240	91
36660	130
34800	152
33660	222
30000	155
35100	110
33900	178
36000	152
36240	10
34920	98
36840	182
36360	146
32760	117
35340	160
42180	16
36660	111
36780	91
34800	190
36300	111
37320	143
49620	4
50820	80
36960	39
65580	50
41220	114
37140	98
43260	153
42300	172
41460	128
83820	45
55380	15
71880	0
47040	156
45000	162
44700	165
68580	30
47760	151
16860	34
70560	27
46680	156
60960	90
50100	120
48060	116
43920	140
66360	18
48600	178
50820	172
52440	162
49620	22
59640	54
44640	87
49740	183
48780	131
15060	180
54120	172
51540	170
50700	9
46980	13
55200	39
17100	13
6240	166
56520	119
54480	21
52560	161
57480	56
55800	145
53340	107
50820	42
53880	94
54960	151
55080	122
56820	230
52740	152
67140	15
56040	149
65880	50
57240	19
59640	94
58980	160
67140	5
26460	29
59100	149
59520	118
60960	75
66960	90
59700	164
70380	24
58320	101
57000	131
59220	81
61380	151
65460	158
26820	34
75060	31
63840	127
63780	46
59400	146
71460	121
69060	49
60900	158
61920	209
75360	58
66180	148
67620	186
78000	124
73620	36
75600	66
77100	45
83160	40
78900	68
79140	46
66960	61
76380	37
79800	29
64080	152
76260	47
68160	169
66540	56
67800	152
79920	44
64680	126
67740	108
25260	19
66300	24
35460	127
73440	146
69240	153
67380	102
71760	112
69840	130
69060	91
65280	161
73020	199
66180	129
70020	42
70260	102
67920	9
74100	135
70080	131
69120	155
73320	93
83340	79
74100	127
84720	58
1080	138
70560	237
73620	105
75420	37
75360	121
69480	166
32880	192
75600	36
79380	16
77880	107
75180	124
75960	142
76980	196
74700	132
76260	135
2640	21
78900	43
80040	148
77100	112
80640	22
82800	156
79920	121
82500	166
82380	154
0	97
79920	86
84180	136
81900	113
80940	117
13020	44
17580	148
80880	125
84420	95
83160	138
83160	138
5700	4
84720	92
52800	45
85680	113
52020	25
56100	42
83340	46
61080	69
1140	121
80460	86
2040	31
47580	215
15360	114
3720	111
18660	195
4740	107
63420	189
4620	2
59580	57
7860	124
27420	144
8280	170
18180	58
22140	54
28140	125
13020	119
21240	158
25080	157
12720	186
17940	84
27240	175
15900	120
27540	23
41160	20
56880	157
29460	118
32400	141
29820	131
34740	71
33120	98
30720	163
31440	152
29880	104
34140	123
30120	146
31800	138
34440	4
36480	156
37080	103
35100	142
30360	114
34680	232
39240	156
38940	150
37920	148
36300	120
34320	154
32220	70
41880	232
33240	243
36540	51
37200	134
34500	50
40740	158
36420	133
36720	61
35820	118
35940	117
49200	87
37500	149
66300	140
37320	117
51480	62
40560	81
57000	25
45120	156
43140	78
44940	177
52920	25
40200	178
47880	156
43440	126
42060	8
46440	119
47040	150
65220	0
54900	31
10500	150
42600	62
46020	22
69300	20
46800	144
68400	181
44820	42
44040	153
46620	110
58920	6
62880	92
49200	60
54000	137
46440	25
68880	145
58380	54
51840	9
53820	131
52380	91
56400	155
71280	67
52920	34
54540	83
51480	56
57720	222
49440	46
58920	116
58320	210
54240	147
9780	36
50760	161
61740	22
52920	209
58680	116
55620	100
54240	162
53220	149
58320	46
59220	151
68040	64
57600	131
59040	142
66420	70
60420	132
60180	133
61200	120
60660	109
70860	24
55500	78
57180	146
26700	37
61080	161
60000	182
65700	182
62520	111
61260	142
60060	117
63720	8
74640	26
59340	152
73680	50
73740	8
73560	11
67740	179
64680	177
67260	136
64140	128
64080	158
76380	54
67980	162
67920	177
69000	102
66600	145
65640	51
81360	186
69480	155
78540	21
64740	160
69540	55
67560	54
69120	94
72540	9
79680	4
35760	162
65880	156
80520	48
68040	73
73680	104
73080	176
71220	45
70200	91
83880	42
66840	123
77880	43
73860	9
74280	128
70920	138
5400	155
31140	157
22260	10
75540	131
75300	23
80640	101
80340	154
77220	95
75780	116
76260	124
81360	137
80040	81
76380	110
76560	113
78120	161
77340	74
77100	87
83940	171
80940	155
6060	18
2760	50
79680	120
540	2
81780	87
83160	161
34320	243
1200	101
82560	103
77880	57
80520	81
80340	78
54480	30
6720	4
80220	117
4500	3
52920	28
960	149
240	32
1620	142
84000	104
540	0
12000	51
4380	154
4740	142
4260	136
85980	81
2760	100
4980	133
47040	224
59040	81
3060	171
63660	19
4020	106
18960	40
4680	147
16260	101
4500	12
7620	88
27660	92
21360	11
16920	54
13860	55
25800	122
12600	39
8760	147
13200	69
27240	172
28260	213
42540	26
23640	139
21120	58
30240	153
26640	182
34320	182
27180	94
30120	110
35100	102
29700	93
34980	83
30960	126
35400	144
33060	199
34080	132
33300	100
33660	109
34140	131
32220	142
35520	120
30360	145
33420	106
37380	150
35280	149
36360	163
36240	16
33180	11
39660	138
35160	182
32520	82
33900	149
36120	136
46920	50
35880	153
35640	121
38520	163
35880	115
41820	173
49500	2
40500	114
41280	17
54960	150
38400	164
41400	88
41700	112
45060	149
41220	43
38220	113
56160	27
40380	167
67260	0
44400	163
69120	21
45900	134
45660	111
44880	120
69600	23
61200	45
18360	31
62520	93
46020	115
44760	145
43500	204
62160	153
47760	129
48420	122
49500	18
51120	167
44460	134
56700	35
48060	163
54060	170
60480	55
54420	39
54360	47
15240	137
53100	138
49080	203
61200	64
58620	55
55200	118
56520	230
9660	144
56700	152
51780	72
54420	147
64980	7
48960	153
67980	50
67920	17
60600	64
55740	166
53760	136
52200	156
55140	112
57660	127
58020	147
58380	8
59700	35
60000	137
57060	169
58800	135
58560	168
24120	194
62520	54
66780	50
70920	20
61200	11
57480	177
62580	84
60600	193
59160	168
28200	36
82740	39
60720	125
63720	129
76140	67
65040	140
68640	9
63840	130
67080	185
66480	159
61620	164
69060	85
62820	127
61620	25
67740	146
68340	198
77040	17
65280	19
65580	45
78900	110
65520	165
79140	28
66960	187
69780	164
68040	25
1800	61
34020	163
71520	129
71100	148
72840	123
66600	139
79320	2
79260	2
66480	143
70920	55
68640	126
81540	60
71340	107
70800	49
77040	58
74820	58
83700	54
68760	14
73740	139
84420	58
70500	108
1200	139
4980	0
69060	187
76320	138
73560	121
75600	137
80040	119
76020	152
78600	125
76200	154
79260	116
40500	208
81060	136
75420	133
80640	128
79320	76
78060	155
80640	173
7800	1
77040	113
83160	95
780	75
42300	216
82140	29
86340	142
83700	69
84420	52
85020	147
17820	163
86220	145
56820	31
81660	109
20940	217
50220	35
1500	94
84480	104
480	146
53460	38
83820	57
1620	107
86100	113
80820	192
3240	16
5880	156
47280	222
15660	234
4500	119
73680	114
6360	172
5340	110
5760	100
4980	3
23040	120
7800	15
17280	52
28740	42
12720	47
27300	111
30660	2
28560	16
32820	156
34560	182
31440	147
27120	132
34860	94
32160	118
27660	88
35280	140
34680	125
35580	182
31560	141
35460	131
32580	137
30360	120
36720	160
34500	131
35340	17
29940	143
35940	149
34320	159
38940	157
34380	173
33480	6
37260	145
36180	128
37020	109
39480	146
36300	150
32940	75
36420	136
36300	46
47220	63
42300	15
37740	177
36840	127
40500	11
49020	3
39840	115
65580	196
37080	98
43200	159
45420	119
45540	141
39000	42
43740	176
43380	134
54180	36
66840	0
53640	19
46020	115
67920	24
67200	195
48660	11
47400	154
62640	72
61320	162
47880	149
48120	130
43860	142
50460	183
52620	138
53760	162
54360	31
5280	136
15180	19
55440	78
51000	176
68460	67
46440	22
55140	161
51120	152
53160	228
63600	143
54960	162
53880	129
48960	38
50640	56
9180	154
22440	17
53640	106
50760	214
55500	152
52920	170
66180	2
56820	152
56580	50
23760	23
55260	136
57600	143
67680	29
51840	91
57900	131
52560	179
84600	143
57840	84
51420	173
56040	141
60000	158
61620	163
65640	196
66300	31
55920	182
26880	31
70740	19
58440	187
62640	72
57360	64
58920	47
61980	67
47640	153
63900	83
62520	99
64620	13
63420	211
80520	30
63360	178
63780	162
68460	109
76920	9
62100	223
69300	37
75900	47
77160	46
76140	14
78960	126
66420	36
67740	92
63540	156
69300	142
68940	174
66660	177
64740	152
68820	182
77700	43
24600	23
68340	163
2880	0
80160	50
70440	132
79620	6
65700	160
72060	182
69300	89
36420	61
80400	40
75600	20
69060	144
84840	29
70380	50
73740	53
67620	10
73980	122
73680	23
71580	78
82200	6
85260	26
76380	182
69540	10
76920	83
75420	54
77520	197
80040	152
31020	39
76260	170
78300	132
73620	130
76140	139
3840	54
78360	96
80820	100
79500	115
75900	109
78840	128
80280	159
77160	63
77700	112
79740	153
1860	44
80940	5
79500	113
420	77
83820	155
84480	171
80160	65
82020	120
52260	114
55440	39
85020	151
84840	79
81000	104
4200	125
11220	5
1860	110
4080	172
19200	80
2880	4
7920	163
4740	99
17760	127
28560	209
