1  3.8  30  10.2  59  13.8  88  21.7  117  29.4  146  38.3  175  48.5  204  67.8
2  5.1  31  10.2  60  13.9  89  21.9  118  29.6  147  38.5  176  48.6  205  69.6
3  5.2  32  10.3  61  14.2  90  22    119  29.8  148  38.8  177  48.8  206  69.7
4  5.4  33  10.5  62  14.4  91  22.1  120  29.9  149  39.1  178   49   207  70.2
5  5.6  34  10.9  63  14.6  92  22.2  121  30    150  39.2  179  49.1  208  70.3
6  5.6  35  11.1  64  14.8  93  22.3  122  30.6  151  40.1  180   49.2  209  71.2
7  5.8  36  11.1  65  15.2  94  22.4  123  30.6  152  40.4  181   49.2  210  71.2
8  6    37  11.2  66  15.7  95  22.8  124  30.7  153  40.8  182   54.3  211  71.5
9  6.2  38  11.2  67  15.8  96  22.9  125  30.8  154  42.2   183   54.3  212  71.5
10  6.2  39  11.2  68  16   97  23.6  126  31.1  155  42.9  184  55.6  213  72.2
11  6.5  40  11.4  69  16.1  98  23.7  127  31.1  156  43    185  56   214  72.9
12  6.5  41  11.6  70  16.3  99  23.8  128  31.5  157  43.2  186  56.1  215  73.5
13  6.6  42  11.6  71  16.4  100  24.1  129  32.5  158  41.4  187  56.5  216  75.7
14  7.3  43  11.7  72  16.5  101  24.9  130  33.1  159  41.8  188  56.5  217  77.6
15  7.8  44  11.9  73  16.7  102  25   131  33.2  160  43.9  189  57.4  218  77.7
16  7.9  45  12.1  74  19.5  103  25.2  132  33.5  161  44.3  190  57.4  219  78.5
17  8.1  46  12.3  75  19.6  104  25.9  133  33.8  162  44.5  191  57.6  220  79.2
18  8.2  47  12.3  76  19.7  105  26.2  134  34.2  163  44.7  192  58.4  221  82.6
19  8.3  48  12.4  77  19.7  106  26.5  135  34.2  164  44.9  193  60.6  222  85.7
20  8.3  49  12.5  78  20.5  107  26.6  136  34.7  165  45.3  194  60.7  223  86.3
21  8.4  50  12.7  79  20.5  108  26.7  137  35.3  166  45.9  195  61.4  224  89
22  8.4  51  12.9  80  20.5  109  26.9  138  35.5  167  46.9  196  61.5  225  96.1
23  8.5  52  12.9  81  20.6  110  27.1  139  35.9  168  47.4  197  61.7
24  8.6  53  12.9  82  20.7  111  27.9  140  36    169  47.5  198  62.4
25  8.6  54  13   83  20.9  112  27.9  141  36.7  170  47.7  199  62.6
26  8.8  55  13.1  84  21.2  113  28.6  142  37   171  47.7  200  63.4
27  9.1  56  13.1  85  21.2  114  28.9  143  37.1  172  48   201  64
28  9.3  57  13.6  86  21.3  115  29.1  144  37.7  173  48   202  66.5
29  10.1  58  13.7  87  21.4  116  29.2  145  37.8  174  48.2  203  67.5
