105	2007-02-20	15:12:28	121.800800	31.150500	6	45	0	15:36:13	121.686100	31.194300	16.897379614367793
107	2007-02-20	13:21:29	121.765300	31.148100	98	0	0	15:15:40	121.473300	31.238000	41.739757059447086
116	2007-02-20	12:34:26	121.799300	31.150800	30	45	0	13:24:46	121.694100	31.197100	15.914655404768624
1504	2007-02-20	11:16:12	121.770300	31.170000	74	45	0	15:56:02	121.785000	31.180600	2.5861494621349923
1504	2007-02-20	19:24:45	121.789500	31.173600	74	67	0	22:15:16	121.778500	31.187000	2.5745662203623865
15603	2007-02-20	15:20:22	121.766000	31.168800	88	45	0	18:59:29	121.761000	31.190800	3.5238348228964727
16531	2007-02-20	07:49:20	121.790300	31.172500	88	67	0	08:19:17	121.713600	31.240300	14.833397595066764
17602	2007-02-20	07:26:51	121.799600	31.152000	36	67	0	09:02:27	121.267000	31.240300	72.96447271156771
1934	2007-02-20	14:31:52	121.798800	31.153500	4	112	0	14:47:17	121.712500	31.193500	13.203674455312832
1934	2007-02-20	22:16:02	121.799800	31.152600	0	67	0	22:35:35	121.695100	31.202000	16.084058837198214
20125	2007-02-20	09:27:46	121.799500	31.152000	26	90	0	09:56:28	121.585000	31.130000	29.072289967822844
20156	2007-02-20	07:10:19	121.799800	31.150600	44	90	0	11:38:17	121.785300	31.180500	5.089848631230476
20156	2007-02-20	12:13:02	121.790300	31.172800	74	67	0	12:23:30	121.786800	31.178100	0.9571312492721349
20162	2007-02-20	19:47:19	121.800500	31.149100	50	90	0	21:01:14	121.485100	31.249000	45.232875929794375
2108	2007-02-20	05:15:39	121.766800	31.169000	70	45	0	09:51:06	121.785300	31.180000	3.0306657451743604
2108	2007-02-20	11:17:44	121.767800	31.169300	4	45	0	15:59:22	121.787600	31.177000	2.92585729483407
2108	2007-02-20	17:03:24	121.769600	31.169800	110	45	0	20:17:12	121.775100	31.188600	3.0471007550876466
2167	2007-02-20	17:54:39	121.796800	31.156100	0	90	0	21:35:17	121.781000	31.185000	5.016517819396584
2175	2007-02-20	12:12:25	121.767500	31.169300	54	45	0	16:26:03	121.725300	31.042600	20.715219721091334
2175	2007-02-20	16:34:56	121.789100	31.172600	50	67	0	16:39:23	121.861300	31.164100	9.804833742088235
2206	2007-02-20	15:50:40	121.789500	31.173800	86	67	0	16:33:04	121.789000	31.175100	0.2151812967389674
2206	2007-02-20	17:47:40	121.766300	31.169000	68	45	0	21:27:51	121.786800	31.178000	3.0996467514255555
22842	2007-02-20	06:37:40	121.798800	31.153500	0	67	0	07:18:56	121.595800	31.257000	31.781922733734756
24329	2007-02-20	16:49:44	121.800800	31.152000	0	45	0	20:11:50	121.782300	31.184000	5.613286741567751
24434	2007-02-20	00:00:20	121.768600	31.167300	0	0	0	07:14:26	121.641500	31.158100	17.161307539544957
24434	2007-02-20	18:10:29	121.784800	31.174100	62	135	0	21:39:12	121.781600	31.184300	1.6605069098169445
24529	2007-02-20	21:04:12	121.799800	31.150600	0	135	0	21:41:09	121.514800	31.225600	40.1068116320265
24817	2007-02-20	06:30:59	121.774600	31.166300	8	45	0	06:45:56	121.703800	31.182100	9.84303646567368
25087	2007-02-20	09:38:21	121.798800	31.153500	8	90	0	10:22:47	121.422500	31.169600	50.691837912132726
2746	2007-02-20	10:31:17	121.798800	31.153500	0	90	0	11:15:27	121.531600	31.302300	42.8712922198689
29458	2007-02-20	08:05:39	121.799600	31.151300	44	90	0	08:56:58	121.507100	31.154800	39.36126080635634
31950	2007-02-20	18:15:30	121.785300	31.174300	48	135	0	22:14:03	121.383300	31.138600	54.37972745306877
3228	2007-02-20	21:11:52	121.800100	31.152000	0	45	0	22:55:30	121.788100	31.176300	4.147785286090396
32931	2007-02-20	00:00:18	121.799800	31.153300	0	135	0	00:43:44	121.782800	31.183300	5.2421119606853335
32931	2007-02-20	20:00:20	121.790000	31.173000	80	67	0	20:39:10	121.773100	31.188300	3.3098291040080796
33859	2007-02-20	07:42:52	121.798300	31.150100	20	90	0	08:48:17	121.514100	31.223000	39.908493305741956
3423	2007-02-20	06:07:53	121.799800	31.151000	60	90	0	10:52:15	121.785000	31.180600	5.06205172198462
34427	2007-02-20	07:21:21	121.799800	31.150800	54	90	0	09:11:36	121.520300	31.224300	39.33059763768456
34458	2007-02-20	07:11:43	121.799300	31.149600	40	90	0	07:46:47	121.534100	31.174600	35.89650982730052
34744	2007-02-20	00:04:13	121.800800	31.149800	0	0	0	00:08:43	121.642500	31.158100	21.339840075865677
34872	2007-02-20	15:54:46	121.799100	31.153000	0	67	0	16:17:13	121.690500	31.202000	16.515944524462302
35257	2007-02-20	05:23:54	121.792600	31.169100	56	67	0	05:42:46	121.699100	31.173500	12.597507321512678
35257	2007-02-20	11:03:37	121.774300	31.171100	84	45	0	11:40:26	121.769500	31.188500	2.8109577809066275
35257	2007-02-20	11:46:06	121.800800	31.150000	8	90	0	15:55:24	121.730500	31.183500	10.82564612977243
35410	2007-02-20	18:18:17	121.799500	31.152000	0	112	0	18:38:39	121.699800	31.196600	15.134734842328154
35410	2007-02-20	19:46:19	121.769000	31.159500	0	22	0	19:57:01	121.711000	31.162500	7.817795348433965
35426	2007-02-20	00:22:46	121.765500	31.156000	0	157	0	07:50:29	121.683800	31.197600	12.789471902362184
35445	2007-02-20	06:40:32	121.799500	31.152300	22	90	0	07:04:17	121.701600	31.202600	15.36178137026831
35834	2007-02-20	02:14:56	121.798000	31.163000	58	157	0	08:30:08	121.782800	31.183500	3.8171050657800856
35834	2007-02-20	08:35:11	121.791800	31.170300	92	67	0	10:50:18	121.785600	31.179800	1.7107665739164037
35834	2007-02-20	14:00:40	121.767600	31.169300	20	45	0	17:47:59	121.783500	31.182600	2.9912991325921494
35834	2007-02-20	18:47:58	121.768100	31.169300	30	45	0	21:56:56	121.788600	31.175600	2.9303152923018336
35834	2007-02-20	22:48:27	121.789000	31.174300	52	67	0	23:06:25	121.787100	31.177600	0.5783954593472777
36512	2007-02-20	07:34:39	121.800100	31.149800	46	90	0	13:45:47	121.788500	31.175800	4.375754312541732
36512	2007-02-20	14:58:34	121.785300	31.174300	76	135	0	18:33:53	121.780300	31.185600	1.8997409195222197
36512	2007-02-20	19:42:10	121.767300	31.174600	52	22	0	22:25:10	121.786600	31.178500	2.6677037415657447
3701	2007-02-20	10:23:09	121.798800	31.153500	24	90	0	10:29:21	121.784600	31.181000	4.727049579981929
37027	2007-02-20	15:43:00	121.799800	31.152300	0	90	0	19:42:32	121.497300	31.135000	40.797778851555705
39052	2007-02-20	08:36:49	121.800000	31.149100	56	90	0	10:58:02	121.383000	31.190300	56.47242809921535
40074	2007-02-20	07:00:49	121.799800	31.151800	50	67	0	07:43:04	121.535300	31.201000	36.41229687054606
4515	2007-02-20	10:09:56	121.799100	31.153100	10	45	0	10:33:10	121.693100	31.196800	15.828610392717485
49984	2007-02-20	09:55:27	121.801800	31.152600	26	45	0	10:21:59	121.520300	31.159800	37.89296162218045
5194	2007-02-20	07:20:16	121.791300	31.171100	66	67	0	07:29:14	121.782500	31.183600	2.2943457907626343
54215	2007-02-20	05:03:55	121.787600	31.174800	34	67	0	08:27:18	121.405000	31.238500	52.417433150237315
54221	2007-02-20	07:12:22	121.799000	31.149100	0	90	0	08:05:24	121.578300	31.255000	34.03238894497601
54221	2007-02-20	16:04:49	121.799100	31.153000	0	67	0	16:14:16	121.766500	31.194100	7.809756893994866
54244	2007-02-20	21:52:54	121.799300	31.149100	0	112	0	22:20:11	121.531600	31.201300	36.93544252721424
54244	2007-02-20	23:01:23	121.799000	31.153300	0	90	0	23:43:44	121.474000	31.230600	45.37067366792242
54246	2007-02-20	04:27:18	121.765500	31.168600	78	45	0	09:46:47	121.730600	31.183300	5.232930695111429
54290	2007-02-20	02:29:54	121.766300	31.145500	58	0	0	08:32:20	121.774100	31.189100	6.935063964341901
54290	2007-02-20	09:47:55	121.766100	31.168800	42	45	0	14:45:05	121.785500	31.180000	3.1483324996407087
54290	2007-02-20	15:28:05	121.768300	31.169500	60	45	0	19:42:16	121.356500	31.174500	55.40433693778194
54292	2007-02-20	00:00:54	121.800800	31.150000	0	135	0	00:40:46	121.786300	31.179000	4.959453095972966
54307	2007-02-20	11:46:19	121.770100	31.170000	98	45	0	16:20:00	121.778000	31.187100	2.891028531748049
54309	2007-02-20	02:05:55	121.765600	31.147500	164	0	0	08:28:41	121.741600	31.187500	7.069598405941463
54309	2007-02-20	14:25:49	121.786300	31.174600	50	135	0	18:11:55	121.784600	31.181100	1.0472656057494452
54309	2007-02-20	20:32:59	121.789100	31.174300	84	67	0	22:48:24	121.771800	31.189800	3.369662405777375
54317	2007-02-20	00:00:54	121.800600	31.149600	0	112	0	07:55:32	121.559000	31.177500	32.79961987327197
56503	2007-02-20	07:06:12	121.766000	31.168600	96	45	0	07:13:10	121.769500	31.175600	1.1970945120972134
56503	2007-02-20	08:32:14	121.797500	31.162000	112	67	0	12:06:52	121.697000	31.181600	13.866896785491727
56503	2007-02-20	12:18:31	121.790800	31.171800	66	67	0	12:25:37	121.785500	31.180000	1.4732882564598635
5914	2007-02-20	00:00:44	121.800800	31.149800	0	112	0	08:15:03	121.564100	31.228100	34.13454776477898
59162	2007-02-20	17:54:07	121.765000	31.168500	96	45	0	21:33:39	121.785800	31.179600	3.29779088462039
6144	2007-02-20	00:08:06	121.768800	31.166800	44	90	0	07:50:41	121.784800	31.181000	3.1012331595487725
61490	2007-02-20	11:13:34	121.799500	31.152800	0	45	0	11:29:46	121.694800	31.190500	15.281624349717507
6534	2007-02-20	07:46:37	121.799600	31.153600	36	22	0	08:42:30	121.246500	31.008500	77.89470450078966
6814	2007-02-20	12:34:50	121.800000	31.152500	0	67	0	12:47:18	121.758600	31.172600	6.404126658720161
694	2007-02-20	00:45:32	121.765300	31.168600	62	45	0	08:01:12	121.753500	31.189600	3.663550398703591
694	2007-02-20	11:28:15	121.785500	31.174100	74	135	0	16:01:20	121.764500	31.191000	3.8781438010629343
694	2007-02-20	17:55:36	121.787100	31.174800	42	112	0	21:32:23	121.787300	31.177500	0.4253716901508192
6954	2007-02-20	01:25:13	121.800500	31.149800	0	0	0	02:15:46	121.431100	31.182000	49.95517439650343
70131	2007-02-20	12:29:20	121.786000	31.174500	0	135	0	16:46:06	121.784300	31.181600	1.1395129029260467
70133	2007-02-20	15:16:42	121.790300	31.172600	64	67	0	16:14:45	121.498000	31.186500	39.38019305537728
70170	2007-02-20	10:26:04	121.797100	31.154100	0	112	0	11:08:02	121.354300	31.184500	59.762278073903545
70355	2007-02-20	17:03:19	121.799800	31.152500	16	67	0	17:45:30	121.504300	31.300100	46.01158023468321
70357	2007-02-20	06:42:36	121.800500	31.150800	44	67	0	08:11:41	121.467000	31.197300	45.45604724688929
70379	2007-02-20	11:13:27	121.800500	31.150500	0	67	0	15:58:21	121.784800	31.181000	5.240075539694168
70390	2007-02-20	09:30:13	121.799800	31.152500	16	45	0	14:41:43	121.763800	31.191000	7.7522846291645005
70431	2007-02-20	13:32:28	121.766000	31.168800	74	45	0	18:00:12	121.466800	31.224100	41.16911578777869
70461	2007-02-20	06:33:48	121.800100	31.152500	22	45	0	09:29:51	121.361600	31.243800	60.696312070312025
70479	2007-02-20	15:54:11	121.800300	31.151500	0	22	0	19:39:22	121.785800	31.179500	4.815286993006775
70494	2007-02-20	13:12:51	121.802100	31.146600	60	67	0	13:54:10	121.490300	31.060500	44.105167324940254
7394	2007-02-20	07:54:57	121.799000	31.152500	10	90	0	08:32:22	121.574600	31.152300	30.194427568073817
76344	2007-02-20	01:22:25	121.765300	31.148100	106	0	0	08:01:50	121.784300	31.181800	5.883016117078396
76344	2007-02-20	10:15:09	121.767100	31.169100	88	45	0	15:06:04	121.781300	31.185000	3.14620790262949
76344	2007-02-20	16:34:18	121.782000	31.165800	16	90	0	19:57:41	121.787500	31.177100	1.9246069188538362
76344	2007-02-20	22:02:19	121.785600	31.174800	62	90	0	23:00:07	121.784000	31.182100	1.167781936880882
76588	2007-02-20	19:16:59	121.790600	31.171800	70	67	0	22:03:26	121.780000	31.185800	2.62269576861194
76698	2007-02-20	13:32:26	121.766100	31.168800	62	45	0	17:31:43	121.783500	31.182600	3.1916743506408896
7954	2007-02-20	15:03:02	121.789800	31.173300	62	67	0	19:07:43	121.614300	31.154800	23.790202414277267
80974	2007-02-20	00:00:13	121.800800	31.149800	0	112	0	08:28:47	121.568600	31.244500	34.59715738672663
80974	2007-02-20	14:27:33	121.767600	31.169300	30	45	0	18:14:22	121.784100	31.181800	2.9647025260933715
81034	2007-02-20	10:36:38	121.795300	31.163300	30	67	0	15:45:04	121.785100	31.180500	3.0325591179228026
81442	2007-02-20	00:00:59	121.800000	31.150800	0	157	0	08:00:39	121.677300	31.200100	18.235502647046083
81449	2007-02-20	12:26:10	121.800500	31.152300	28	67	0	12:48:10	121.400600	31.206300	54.45963196638438
81454	2007-02-20	07:57:13	121.784600	31.174100	46	135	0	08:06:46	121.366500	31.251000	57.507608421118924
81454	2007-02-20	08:06:54	121.774500	31.163600	24	135	0	08:07:46	121.362300	31.251100	57.113584182547385
81454	2007-02-20	08:08:00	121.770100	31.163000	40	0	0	08:08:47	121.359800	31.251300	56.89630792909411
81454	2007-02-20	08:08:48	121.767800	31.169600	74	0	0	08:09:48	121.359800	31.251300	56.34896936679805
81454	2007-02-20	08:59:17	121.792300	31.170000	72	67	0	09:06:46	121.353300	31.241300	60.09187173357683
81454	2007-02-20	09:07:23	121.800500	31.149800	0	135	0	09:08:48	121.358800	31.241500	61.130886497645115
81454	2007-02-20	09:09:25	121.800500	31.149800	0	135	0	09:09:49	121.362800	31.240100	60.556655458388995
81454	2007-02-20	09:10:26	121.800500	31.149800	0	135	0	09:10:50	121.366500	31.250000	60.45686136941137
81454	2007-02-20	09:11:27	121.800500	31.149800	0	135	0	09:12:52	121.369600	31.258300	60.40748491966535
81454	2007-02-20	09:13:29	121.800500	31.149800	0	135	0	09:13:53	121.371600	31.266600	60.53016039410207
81454	2007-02-20	09:14:30	121.800500	31.149800	0	135	0	09:14:54	121.372600	31.272800	60.703731718620816
81454	2007-02-20	09:15:31	121.800500	31.149800	0	135	0	09:15:55	121.377000	31.272300	60.11808892123239
81454	2007-02-20	09:16:32	121.800500	31.149800	0	135	0	09:16:56	121.380800	31.271500	59.5939725487253
81454	2007-02-20	09:17:33	121.800500	31.149800	0	135	0	09:18:58	121.388000	31.270600	58.63211338968898
81454	2007-02-20	09:19:35	121.800500	31.149800	0	135	0	09:19:59	121.388000	31.270600	58.63211338968898
81454	2007-02-20	09:20:36	121.800500	31.149800	0	135	0	09:21:00	121.388000	31.270600	58.63211338968898
81454	2007-02-20	09:21:37	121.800500	31.149800	0	135	0	09:22:01	121.391600	31.273100	58.30315555773736
81454	2007-02-20	09:22:38	121.800500	31.149800	0	135	0	09:23:02	121.392100	31.277500	58.47247182081139
81454	2007-02-20	09:23:39	121.800500	31.149800	0	135	0	09:24:03	121.399600	31.282000	57.77587242447282
81454	2007-02-20	09:24:40	121.800500	31.149800	0	135	0	09:25:04	121.400300	31.281300	57.64868008935288
81454	2007-02-20	09:25:41	121.800500	31.149800	0	135	0	09:26:05	121.400600	31.275000	57.26468288330345
81454	2007-02-20	09:26:42	121.800500	31.149800	0	135	0	09:27:06	121.402600	31.270600	56.77822509753358
81454	2007-02-20	09:27:43	121.800500	31.149800	0	135	0	09:28:07	121.408500	31.268300	55.9102223166498
81454	2007-02-20	09:28:44	121.800500	31.149800	0	135	0	09:29:08	121.411800	31.268000	55.47627458042884
81454	2007-02-20	09:29:45	121.800500	31.149800	0	135	0	09:45:10	121.399500	31.281500	57.76032196322924
81454	2007-02-20	09:46:01	121.800500	31.149800	0	135	0	09:46:10	121.405800	31.281100	56.94758041084261
81454	2007-02-20	09:47:02	121.800500	31.149800	0	135	0	09:47:11	121.413800	31.281300	55.95794133745145
81454	2007-02-20	09:48:03	121.800500	31.149800	0	135	0	09:48:12	121.417300	31.282100	55.56764699193336
81454	2007-02-20	09:49:04	121.800500	31.149800	0	135	0	09:49:52	121.417800	31.284300	55.635311517707834
81454	2007-02-20	09:50:05	121.800500	31.149800	0	135	0	10:09:55	121.391800	31.322800	61.30870493552407
81454	2007-02-20	10:10:12	121.800500	31.149800	0	0	0	10:10:55	121.393100	31.313800	60.53833374866286
81454	2007-02-20	10:11:13	121.800500	31.149800	0	0	0	10:11:56	121.392600	31.306300	60.10884892651947
81454	2007-02-20	10:12:14	121.800500	31.149800	0	0	0	10:12:57	121.391300	31.302300	60.01539777500796
81454	2007-02-20	10:13:15	121.800500	31.149800	0	0	0	10:13:58	121.385600	31.301600	60.67553292327544
81454	2007-02-20	10:14:16	121.800500	31.149800	0	0	0	10:14:59	121.378500	31.301800	61.566473059953346
81454	2007-02-20	10:16:18	121.800500	31.149800	0	0	0	10:17:01	121.374800	31.291100	61.39966199048099
81454	2007-02-20	10:17:19	121.800500	31.149800	0	0	0	10:23:30	121.377800	31.316500	62.58140434092189
81454	2007-02-20	10:25:27	121.800500	31.149800	0	0	0	10:25:32	121.376300	31.313000	62.53774400491096
81454	2007-02-20	10:26:28	121.800500	31.149800	0	0	0	10:26:33	121.379000	31.312600	62.18108144479122
81454	2007-02-20	10:27:29	121.800500	31.149800	0	0	0	10:27:34	121.387100	31.313000	61.21650573090765
81454	2007-02-20	10:29:31	121.800500	31.149800	0	0	0	10:35:05	121.413500	31.292300	56.65405613738596
81454	2007-02-20	10:35:37	121.800500	31.149800	0	0	0	10:36:06	121.417000	31.286500	55.866432184528456
81454	2007-02-20	10:36:38	121.800500	31.149800	0	0	0	10:37:07	121.417600	31.285500	55.731842655470324
81454	2007-02-20	10:37:39	121.800500	31.149800	0	0	0	10:38:08	121.417100	31.282100	55.59258562058752
81454	2007-02-20	10:38:40	121.800500	31.149800	0	0	0	10:39:09	121.417000	31.281600	55.57582085244127
81454	2007-02-20	10:39:41	121.800500	31.149800	0	0	0	10:40:10	121.417000	31.281600	55.57582085244127
81454	2007-02-20	10:40:42	121.800500	31.149800	0	0	0	10:44:18	121.411000	31.274500	55.925999749283044
81454	2007-02-20	10:44:46	121.800500	31.149800	0	0	0	10:45:18	121.407600	31.274800	56.37076145328967
81454	2007-02-20	10:45:47	121.800500	31.149800	0	0	0	10:46:19	121.405600	31.270800	56.40875138134331
81454	2007-02-20	10:46:48	121.800500	31.149800	0	0	0	10:47:20	121.405600	31.270800	56.40875138134331
81454	2007-02-20	10:47:49	121.800500	31.149800	0	0	0	10:48:21	121.405300	31.268300	56.316129593003424
81454	2007-02-20	10:48:50	121.800500	31.149800	0	0	0	10:49:22	121.405000	31.265500	56.21093115119314
81454	2007-02-20	10:49:51	121.800500	31.149800	0	0	0	10:50:23	121.402100	31.260300	56.32392221315666
81454	2007-02-20	10:51:52	121.800500	31.149800	0	0	0	10:52:25	121.398800	31.259600	56.71282470967377
81454	2007-02-20	10:52:53	121.800500	31.149800	0	0	0	10:53:26	121.396000	31.257500	56.97318649965195
81454	2007-02-20	10:53:54	121.800500	31.149800	0	0	0	10:54:27	121.396800	31.253500	56.68748563154329
81454	2007-02-20	10:54:55	121.800500	31.149800	0	0	0	10:55:28	121.397300	31.250300	56.48114551153134
81454	2007-02-20	10:55:56	121.800500	31.149800	0	0	0	10:56:29	121.397500	31.247000	56.31321042486906
81454	2007-02-20	10:56:57	121.800500	31.149800	0	0	0	10:57:30	121.397500	31.246800	56.30473971669316
81454	2007-02-20	10:57:58	121.800500	31.149800	0	0	0	10:58:31	121.397600	31.243800	56.16666259486356
81454	2007-02-20	10:58:59	121.800500	31.149800	0	0	0	10:59:32	121.398100	31.242800	56.060849421678995
81454	2007-02-20	11:00:00	121.800500	31.149800	0	0	0	11:00:33	121.398600	31.240300	55.89526781535207
81454	2007-02-20	11:01:01	121.800500	31.149800	0	0	0	11:01:34	121.402500	31.237600	55.28138083995661
81454	2007-02-20	11:02:02	121.800500	31.149800	0	0	0	11:02:35	121.404500	31.235300	54.931960359897985
81454	2007-02-20	11:03:03	121.800500	31.149800	0	0	0	11:09:03	121.409000	31.241300	54.58472117773842
81454	2007-02-20	11:09:09	121.800500	31.149800	0	0	0	11:10:04	121.410500	31.241000	54.37776115059445
81454	2007-02-20	11:10:10	121.800500	31.149800	0	0	0	11:11:05	121.410600	31.241000	54.36478781916773
81454	2007-02-20	11:11:11	121.800500	31.149800	0	0	0	11:13:07	121.419600	31.245500	53.39204665101541
81454	2007-02-20	11:13:13	121.800500	31.149800	0	0	0	11:14:08	121.420800	31.245300	53.228390093423705
81454	2007-02-20	11:14:14	121.800500	31.149800	0	0	0	11:15:09	121.420800	31.245300	53.228390093423705
81454	2007-02-20	11:15:15	121.800500	31.149800	0	0	0	11:18:51	121.420500	31.250000	53.47889639368407
81454	2007-02-20	11:20:20	121.800500	31.149800	0	0	0	11:20:52	121.420100	31.250600	53.557992034610905
81454	2007-02-20	11:21:21	121.800500	31.149800	0	0	0	11:21:53	121.417800	31.254100	54.01714202131331
81454	2007-02-20	11:22:22	121.800500	31.149800	0	0	0	11:22:54	121.417500	31.255800	54.13683209416667
81454	2007-02-20	11:23:23	121.800500	31.149800	0	0	0	11:23:55	121.417500	31.260100	54.347665607697294
81454	2007-02-20	11:24:24	121.800500	31.149800	0	0	0	11:24:56	121.417800	31.263500	54.48161807318404
81454	2007-02-20	11:25:25	121.800500	31.149800	0	0	0	11:26:21	121.418100	31.265500	54.54706070800839
81454	2007-02-20	11:26:26	121.800500	31.149800	0	0	0	11:27:21	121.418100	31.265500	54.54706070800839
81454	2007-02-20	11:27:27	121.800500	31.149800	0	0	0	11:28:22	121.415600	31.267000	54.94238492880243
81454	2007-02-20	11:28:28	121.800500	31.149800	0	0	0	11:29:23	121.411300	31.267600	55.51872324467105
81454	2007-02-20	11:29:29	121.800500	31.149800	0	0	0	11:30:24	121.406500	31.270500	56.27898692747954
81454	2007-02-20	11:30:30	121.800500	31.149800	0	0	0	11:31:25	121.401000	31.271000	57.00192049019243
81454	2007-02-20	11:33:33	121.800500	31.149800	0	0	0	11:34:28	121.388600	31.271300	58.59138375434313
81454	2007-02-20	11:34:34	121.800500	31.149800	0	0	0	11:57:48	121.381500	31.256600	58.79761093331003
81454	2007-02-20	11:57:57	121.800500	31.149800	0	0	0	11:58:49	121.384500	31.261500	58.63581882610485
81454	2007-02-20	11:58:58	121.800500	31.149800	0	0	0	11:59:50	121.389000	31.263100	58.13486989348869
81454	2007-02-20	11:59:59	121.800500	31.149800	0	0	0	12:00:51	121.389000	31.270600	58.50490698007665
81454	2007-02-20	12:01:00	121.800500	31.149800	0	0	0	12:01:52	121.391100	31.271100	58.26342845843796
81454	2007-02-20	12:02:01	121.800500	31.149800	0	0	0	12:02:53	121.393000	31.273300	58.13608144308311
81454	2007-02-20	12:03:02	121.800500	31.149800	0	0	0	12:03:54	121.397300	31.274000	57.62839631958154
81454	2007-02-20	12:04:03	121.800500	31.149800	0	0	0	12:04:55	121.400500	31.274600	57.255833365069265
81454	2007-02-20	12:05:04	121.800500	31.149800	0	0	0	12:05:56	121.400500	31.274600	57.255833365069265
81454	2007-02-20	12:06:05	121.800500	31.149800	0	0	0	12:06:57	121.400600	31.276600	57.35122041773392
81454	2007-02-20	12:07:06	121.800500	31.149800	0	0	0	12:14:28	121.405000	31.265300	56.20081550532344
81454	2007-02-20	12:15:14	121.800500	31.149800	0	0	0	12:15:29	121.400600	31.259800	56.49185903243453
81454	2007-02-20	12:16:15	121.800500	31.149800	0	0	0	12:16:30	121.395100	31.262800	57.34000964444243
81454	2007-02-20	12:17:16	121.800500	31.149800	0	0	0	12:18:23	121.390500	31.261600	57.87123153442791
81454	2007-02-20	12:19:18	121.800500	31.149800	0	0	0	12:19:23	121.388300	31.261500	58.148456184642505
81454	2007-02-20	12:20:19	121.800500	31.149800	0	0	0	12:20:24	121.384300	31.258500	58.522843018630255
81454	2007-02-20	12:21:20	121.800500	31.149800	0	0	0	12:21:25	121.386500	31.253300	58.00675192180398
81454	2007-02-20	12:22:21	121.800500	31.149800	0	0	0	12:22:26	121.386500	31.253300	58.00675192180398
81454	2007-02-20	12:23:22	121.800500	31.149800	0	0	0	12:23:27	121.383600	31.249000	58.19759959074728
81454	2007-02-20	12:24:23	121.800500	31.149800	0	0	0	12:24:28	121.379100	31.241300	58.473530860635606
81454	2007-02-20	12:25:24	121.800500	31.149800	0	0	0	12:27:29	121.374800	31.234000	58.767239536701005
81454	2007-02-20	12:28:27	121.800500	31.149800	0	0	0	12:28:30	121.372100	31.228000	58.91882673375141
81454	2007-02-20	12:29:28	121.800500	31.149800	0	0	0	12:29:31	121.371500	31.218600	58.710359290349196
81454	2007-02-20	12:30:29	121.800500	31.149800	0	0	0	12:30:32	121.373500	31.217600	58.417366719246026
81454	2007-02-20	12:32:31	121.800500	31.149800	0	0	0	12:32:34	121.386600	31.215600	56.6280498349231
81454	2007-02-20	12:33:32	121.800500	31.149800	0	0	0	12:33:35	121.387300	31.215500	56.532631909818186
81454	2007-02-20	12:34:33	121.800500	31.149800	0	0	0	12:34:36	121.394600	31.213600	55.51328899182706
81454	2007-02-20	12:35:34	121.800500	31.149800	0	0	0	13:11:12	121.778800	31.186600	6.480831354931709
81454	2007-02-20	14:27:10	121.766600	31.169000	82	45	0	14:29:03	121.416000	31.182000	47.20816095871024
81454	2007-02-20	14:29:50	121.779800	31.171500	0	45	0	14:30:03	121.420000	31.181000	48.42416368556307
81454	2007-02-20	14:30:51	121.779800	31.171500	0	45	0	14:31:04	121.421800	31.184100	48.198924099425945
81454	2007-02-20	14:31:52	121.779800	31.171500	0	45	0	14:32:05	121.420100	31.186000	48.44007120966386
81454	2007-02-20	14:32:53	121.779800	31.171500	0	45	0	14:33:06	121.417500	31.190500	48.82645552950017
81454	2007-02-20	14:33:54	121.779800	31.171500	0	45	0	14:34:07	121.414800	31.194000	49.224552366496624
81454	2007-02-20	14:34:55	121.779800	31.171500	0	45	0	14:35:08	121.409500	31.200800	50.02098587827306
81454	2007-02-20	14:35:56	121.779800	31.171500	0	45	0	14:36:09	121.407500	31.210600	50.45078078684926
81454	2007-02-20	14:36:57	121.779800	31.171500	0	45	0	14:39:30	121.412300	31.242000	50.64885109397768
81454	2007-02-20	14:40:00	121.779800	31.171500	0	45	0	14:40:31	121.420500	31.246500	49.73531400291347
81454	2007-02-20	14:41:01	121.779800	31.171500	0	45	0	14:42:33	121.427100	31.251300	49.059933217118726
81454	2007-02-20	14:43:03	121.779800	31.171500	0	45	0	14:43:34	121.428000	31.251100	48.93493927739643
81454	2007-02-20	14:44:04	121.779800	31.171500	0	45	0	14:44:35	121.428000	31.251000	48.930944575343034
81454	2007-02-20	14:45:06	121.779800	31.171500	0	45	0	14:45:36	121.431500	31.255100	48.64528886051229
81454	2007-02-20	14:46:05	121.779800	31.171500	0	45	0	14:46:37	121.436000	31.257100	48.149442824001454
81454	2007-02-20	14:47:06	121.779800	31.171500	0	45	0	14:47:38	121.438100	31.256300	47.843361630791364
81454	2007-02-20	14:48:07	121.779800	31.171500	0	45	0	14:48:39	121.446100	31.253300	46.679714994078964
81454	2007-02-20	14:49:09	121.779800	31.171500	0	45	0	14:50:19	121.447000	31.249100	46.38628853049847
81454	2007-02-20	14:51:10	121.779800	31.171500	0	45	0	14:57:09	121.445300	31.247500	46.542027551437016
81454	2007-02-20	14:57:17	121.779800	31.171500	0	45	0	14:58:10	121.440600	31.246600	47.117701396317635
81454	2007-02-20	14:58:18	121.779800	31.171500	0	45	0	14:59:11	121.437000	31.245300	47.53652088806237
81454	2007-02-20	14:59:19	121.779800	31.171500	0	45	0	15:01:13	121.432500	31.242100	48.00552350277173
81454	2007-02-20	15:01:20	121.779800	31.171500	0	45	0	15:02:14	121.431100	31.240300	48.12474121563089
81454	2007-02-20	15:02:21	121.779800	31.171500	0	45	0	15:04:16	121.434000	31.238500	47.681916695384395
81454	2007-02-20	15:04:24	121.779800	31.171500	0	45	0	15:05:16	121.435800	31.235800	47.354060616544224
81454	2007-02-20	15:05:25	121.779800	31.171500	0	45	0	15:06:18	121.437800	31.231800	46.96128068042211
81454	2007-02-20	15:06:25	121.779800	31.171500	0	45	0	15:24:04	121.421100	31.219000	48.818116682620335
81454	2007-02-20	15:24:20	121.768800	31.167000	0	0	0	15:25:05	121.427000	31.219100	46.69569177952175
81454	2007-02-20	15:25:22	121.768800	31.167000	0	0	0	15:26:05	121.428600	31.214800	46.37050509013425
81454	2007-02-20	15:26:23	121.768800	31.167000	0	0	0	15:27:07	121.429300	31.212300	46.215989190742334
81454	2007-02-20	15:28:25	121.768800	31.167000	0	0	0	15:32:13	121.430100	31.212100	46.10487580204401
81454	2007-02-20	15:32:30	121.767600	31.170500	0	0	0	15:34:14	121.439000	31.212300	44.68293276557522
81454	2007-02-20	15:34:33	121.767600	31.170500	0	0	0	15:35:15	121.442500	31.212100	44.21273732377196
81454	2007-02-20	15:35:34	121.767600	31.170500	0	0	0	15:37:55	121.451800	31.217100	43.10158735229057
81454	2007-02-20	15:38:37	121.767600	31.170500	0	0	0	15:38:57	121.451800	31.218300	43.133795988254434
81454	2007-02-20	15:39:38	121.767600	31.170500	0	0	0	15:39:58	121.451800	31.221600	43.22649250150285
81454	2007-02-20	15:40:39	121.767600	31.170500	0	0	0	15:47:49	121.447100	31.210500	43.56426956884308
81454	2007-02-20	15:48:10	121.767300	31.171300	48	0	0	15:48:49	121.449300	31.212600	43.26112424572849
81454	2007-02-20	15:49:28	121.766800	31.173600	0	0	0	15:49:50	121.450100	31.213800	43.06175900170927
81454	2007-02-20	15:50:29	121.766800	31.173600	0	0	0	15:50:50	121.451500	31.217100	42.954335389421004
81454	2007-02-20	15:51:30	121.766800	31.173600	0	0	0	15:51:52	121.454500	31.218100	42.58137959559798
81454	2007-02-20	15:53:08	121.766800	31.173600	0	0	0	15:55:33	121.449300	31.212800	43.1456768294637
81454	2007-02-20	15:56:10	121.766800	31.173600	0	0	0	15:56:33	121.450000	31.209100	42.97389587092425
81454	2007-02-20	15:57:12	121.766800	31.173600	0	0	0	15:57:34	121.453000	31.206800	42.528452835990194
81454	2007-02-20	15:58:13	121.766800	31.173600	0	0	0	15:58:35	121.459000	31.209000	41.7718627523677
81454	2007-02-20	15:59:14	121.766800	31.173600	0	0	0	15:59:35	121.466800	31.212300	40.805792291227895
81454	2007-02-20	16:00:15	121.766800	31.173600	0	0	0	16:00:37	121.472000	31.214100	40.15788607350631
81454	2007-02-20	16:01:15	121.766800	31.173600	0	0	0	16:01:38	121.476300	31.215600	39.625286658296325
81454	2007-02-20	16:02:17	121.766800	31.173600	0	0	0	16:02:39	121.478100	31.219000	39.47906001700407
81454	2007-02-20	16:03:18	121.766800	31.173600	0	0	0	16:15:25	121.469800	31.223000	40.69197871316165
81454	2007-02-20	16:15:46	121.798300	31.159800	82	90	0	16:16:25	121.470300	31.223300	45.23183889526378
81454	2007-02-20	16:16:30	121.801800	31.150300	52	90	0	16:17:25	121.470000	31.225000	46.14872213074911
81454	2007-02-20	16:19:12	121.800500	31.149600	0	112	0	16:19:27	121.468500	31.227800	46.31729328338145
81454	2007-02-20	16:20:13	121.800500	31.149600	0	112	0	16:20:29	121.459600	31.224500	47.341541260198184
81454	2007-02-20	16:21:14	121.800500	31.149600	0	112	0	16:21:30	121.456600	31.226000	47.79086181900216
81454	2007-02-20	16:22:15	121.800500	31.149600	0	112	0	16:22:30	121.447800	31.225000	48.89930326239782
81454	2007-02-20	16:23:16	121.800500	31.149600	0	112	0	16:23:32	121.440600	31.224000	49.802494002691496
81454	2007-02-20	16:24:17	121.800500	31.149600	0	112	0	16:24:33	121.440300	31.224800	49.871190472746676
81454	2007-02-20	16:25:18	121.800500	31.149600	0	112	0	16:25:34	121.441300	31.226500	49.804321268122806
81454	2007-02-20	16:26:19	121.800500	31.149600	0	112	0	16:29:03	121.441600	31.225000	49.70877518188713
81454	2007-02-20	16:29:22	121.800500	31.149600	0	112	0	16:30:03	121.440600	31.224500	49.8208937591566
81454	2007-02-20	16:30:23	121.800500	31.149600	0	112	0	16:32:05	121.433000	31.219300	50.63284418245534
81454	2007-02-20	16:32:25	121.800500	31.149600	0	112	0	16:33:05	121.433100	31.218600	50.59617716516553
81454	2007-02-20	16:34:27	121.800500	31.149600	0	112	0	16:37:22	121.431800	31.213000	50.58758179805488
81454	2007-02-20	16:37:30	121.800500	31.149600	0	112	0	16:38:23	121.428500	31.215800	51.109961945174334
81454	2007-02-20	16:38:31	121.800500	31.149600	0	112	0	16:39:24	121.428500	31.215800	51.109961945174334
81454	2007-02-20	16:39:32	121.800500	31.149600	0	112	0	16:40:25	121.426100	31.222500	51.64784983997828
81454	2007-02-20	16:40:33	121.800500	31.149600	0	112	0	16:41:25	121.426100	31.226100	51.775475781592725
81454	2007-02-20	16:41:34	121.800500	31.149600	0	112	0	16:44:29	121.429300	31.227500	51.40857081694986
81454	2007-02-20	16:44:37	121.800500	31.149600	0	112	0	16:45:30	121.431100	31.228500	51.211071854707114
81454	2007-02-20	16:45:38	121.800500	31.149600	0	112	0	16:46:30	121.433100	31.227500	50.91231716417783
81454	2007-02-20	16:46:39	121.800500	31.149600	0	112	0	16:49:34	121.440300	31.224500	49.860103197866714
81454	2007-02-20	16:49:42	121.800500	31.149600	0	112	0	16:52:24	121.443300	31.218000	49.23641118759224
81454	2007-02-20	16:52:45	121.800500	31.149600	0	112	0	16:53:25	121.444800	31.214800	48.93245054188247
81454	2007-02-20	16:53:46	121.800500	31.149600	0	112	0	16:57:18	121.449300	31.211600	48.2373291604994
81454	2007-02-20	16:57:50	121.800500	31.149600	0	112	0	16:58:18	121.445500	31.212500	48.76633053597412
81454	2007-02-20	16:58:51	121.800500	31.149600	0	112	0	16:59:19	121.443000	31.212300	49.089403396728684
81454	2007-02-20	16:59:52	121.800500	31.149600	0	112	0	17:00:20	121.440000	31.212300	49.48479495292116
81454	2007-02-20	17:00:53	121.800500	31.149600	0	112	0	17:01:20	121.432800	31.213100	50.45879426181567
81454	2007-02-20	17:01:54	121.800500	31.149600	0	112	0	17:02:22	121.430300	31.212800	50.77930235008279
81454	2007-02-20	17:02:55	121.800500	31.149600	0	112	0	17:03:23	121.428600	31.215300	51.08096593531063
81454	2007-02-20	17:03:56	121.800500	31.149600	0	112	0	17:10:38	121.440800	31.224500	49.794755147550795
81454	2007-02-20	17:11:03	121.800500	31.149600	0	112	0	17:11:38	121.446000	31.227100	49.21442359407505
81454	2007-02-20	17:12:04	121.800500	31.149600	0	112	0	17:12:39	121.448800	31.228800	48.91657309250981
81454	2007-02-20	17:13:05	121.800500	31.149600	0	112	0	17:13:40	121.452800	31.231000	48.48610691404005
81454	2007-02-20	17:14:06	121.800500	31.149600	0	112	0	17:14:40	121.454500	31.231800	48.29891696220245
81454	2007-02-20	17:15:07	121.800500	31.149600	0	112	0	17:22:24	121.441600	31.225000	49.70877518188713
81454	2007-02-20	17:23:15	121.800500	31.149600	0	112	0	17:23:25	121.443500	31.225500	49.479403521297236
81454	2007-02-20	17:24:16	121.800500	31.149600	0	112	0	17:24:25	121.444100	31.229600	49.559753882717054
81454	2007-02-20	17:25:17	121.800500	31.149600	0	112	0	17:25:27	121.446600	31.230600	49.27474037354146
81454	2007-02-20	17:26:18	121.800500	31.149600	0	112	0	17:27:29	121.447500	31.236100	49.387586025349684
81454	2007-02-20	17:28:21	121.800500	31.149600	0	112	0	17:28:30	121.449300	31.236300	49.163556277708096
81454	2007-02-20	17:30:22	121.800500	31.149600	0	112	0	17:30:32	121.445300	31.240800	49.87837019719967
81454	2007-02-20	17:31:23	121.800500	31.149600	0	112	0	17:31:33	121.442100	31.244100	50.44032734480314
81454	2007-02-20	17:32:24	121.800500	31.149600	0	112	0	17:33:35	121.440000	31.247300	50.85921095429214
81454	2007-02-20	17:34:26	121.800500	31.149600	0	112	0	17:34:35	121.439800	31.248300	50.93229477378735
81454	2007-02-20	17:35:27	121.800500	31.149600	0	112	0	17:35:37	121.438600	31.253600	51.34401679256863
81454	2007-02-20	17:36:28	121.800500	31.149600	0	112	0	17:36:38	121.435100	31.255100	51.86500281876745
81454	2007-02-20	17:37:29	121.800500	31.149600	0	112	0	17:37:39	121.433300	31.251800	51.9323551941551
81454	2007-02-20	17:38:31	121.800500	31.149600	0	112	0	17:50:27	121.432100	31.254100	52.19797029747193
81454	2007-02-20	17:51:43	121.800500	31.149600	0	112	0	17:52:47	121.435600	31.249100	51.508447890772004
81454	2007-02-20	17:53:46	121.800500	31.149600	0	112	0	17:53:47	121.437800	31.246600	51.108570958857946
81454	2007-02-20	17:54:46	121.800500	31.149600	0	112	0	17:54:48	121.436600	31.245100	51.193329426489186
81454	2007-02-20	17:55:47	121.800500	31.149600	0	112	0	17:55:49	121.435100	31.244000	51.33623104786564
81454	2007-02-20	17:56:48	121.800500	31.149600	0	112	0	17:56:50	121.432800	31.242300	51.55665697466254
81454	2007-02-20	17:57:49	121.800500	31.149600	0	112	0	17:57:51	121.434300	31.241100	51.310255994874424
81454	2007-02-20	17:58:51	121.800500	31.149600	0	112	0	17:58:52	121.434500	31.240300	51.24949344331845
81454	2007-02-20	17:59:51	121.800500	31.149600	0	112	0	18:02:28	121.438100	31.239300	50.74093136836046
81454	2007-02-20	18:02:54	121.800500	31.149600	0	112	0	18:03:28	121.434600	31.240500	51.24528649305937
81454	2007-02-20	18:03:56	121.800500	31.149600	0	112	0	18:04:29	121.433600	31.240600	51.37881017820036
81454	2007-02-20	18:05:57	121.800500	31.149600	0	112	0	18:06:31	121.423100	31.237000	52.586801567022846
81454	2007-02-20	18:06:58	121.800500	31.149600	0	112	0	18:07:32	121.420000	31.239300	53.08370024205897
81454	2007-02-20	18:09:01	121.800500	31.149600	0	112	0	18:09:34	121.416100	31.237500	53.51625474846304
81454	2007-02-20	18:10:01	121.800500	31.149600	0	112	0	18:10:35	121.415100	31.238300	53.67853175051477
81454	2007-02-20	18:11:02	121.800500	31.149600	0	112	0	18:11:36	121.411100	31.240600	54.291789197997986
81454	2007-02-20	18:12:03	121.800500	31.149600	0	112	0	18:12:37	121.408100	31.240500	54.67703002141224
81454	2007-02-20	18:14:06	121.800500	31.149600	0	112	0	18:25:50	121.410500	31.221100	53.64969490496775
81454	2007-02-20	18:26:17	121.800500	31.149600	0	112	0	18:26:51	121.412300	31.219800	53.37068258646741
81454	2007-02-20	18:27:18	121.800500	31.149600	0	112	0	18:27:52	121.417300	31.219000	52.68687406022808
81454	2007-02-20	18:28:19	121.800500	31.149600	0	112	0	18:33:05	121.427800	31.215500	51.19266135317398
81454	2007-02-20	18:33:24	121.800500	31.149600	0	112	0	18:34:06	121.434300	31.219800	50.47914379967646
81454	2007-02-20	18:34:26	121.800500	31.149600	0	112	0	18:35:07	121.444300	31.223300	49.293062601459084
81454	2007-02-20	18:35:27	121.800500	31.149600	0	112	0	18:36:08	121.454100	31.225600	48.10083783605498
81454	2007-02-20	18:36:28	121.800500	31.149600	0	112	0	18:37:09	121.465000	31.226300	46.710236503989236
81454	2007-02-20	18:37:29	121.800500	31.149600	0	112	0	18:38:10	121.471600	31.229000	45.96603597364708
81454	2007-02-20	18:38:30	121.800500	31.149600	0	112	0	18:39:11	121.473300	31.230000	45.78895056426
81454	2007-02-20	18:39:31	121.800500	31.149600	0	112	0	18:40:12	121.475600	31.231300	45.548630367620895
81454	2007-02-20	18:40:32	121.800500	31.149600	0	112	0	18:41:13	121.478300	31.231100	45.19144933438817
81454	2007-02-20	18:41:33	121.800500	31.149600	0	112	0	18:45:44	121.782100	31.184000	5.948270313430745
81454	2007-02-20	20:01:03	121.782000	31.166000	26	90	0	20:01:37	121.451600	31.189800	44.60264668643397
81454	2007-02-20	20:01:48	121.779500	31.165300	30	135	0	20:04:45	121.451500	31.189600	44.287867236398334
81454	2007-02-20	20:04:59	121.767100	31.171600	58	0	0	20:05:45	121.447300	31.187800	43.09400697639076
81454	2007-02-20	20:09:30	121.790800	31.171800	88	67	0	20:10:42	121.444300	31.200300	46.822070299823295
81454	2007-02-20	20:10:51	121.800800	31.153800	102	90	0	20:11:42	121.447500	31.201800	48.121441407116116
81454	2007-02-20	20:11:50	121.800800	31.149800	6	112	0	20:12:43	121.453600	31.204300	47.48530827897191
81454	2007-02-20	20:12:51	121.800600	31.149600	0	112	0	20:13:44	121.458600	31.205000	46.82345119936756
81454	2007-02-20	20:13:52	121.800600	31.149600	0	112	0	20:14:44	121.464100	31.207100	46.159745832055926
81454	2007-02-20	20:14:53	121.800600	31.149600	0	112	0	20:15:45	121.464800	31.208000	46.09517873528967
81454	2007-02-20	20:15:54	121.800600	31.149600	0	112	0	20:16:46	121.468600	31.209100	45.62925764334472
81454	2007-02-20	20:16:55	121.800600	31.149600	0	112	0	20:17:47	121.471800	31.201100	44.96642164501814
81454	2007-02-20	20:17:56	121.800600	31.149600	0	112	0	20:19:49	121.478600	31.185100	43.678358929994815
81454	2007-02-20	20:19:58	121.800600	31.149600	0	112	0	20:20:50	121.476600	31.178000	43.819065268666925
81454	2007-02-20	20:20:59	121.800600	31.149600	0	112	0	20:21:51	121.474300	31.171500	44.03673045919245
81454	2007-02-20	20:22:00	121.800600	31.149600	0	112	0	20:22:52	121.478000	31.162100	43.450713581788236
81454	2007-02-20	20:23:01	121.800600	31.149600	0	112	0	20:23:53	121.481800	31.152300	42.89926569275197
81454	2007-02-20	20:24:02	121.800600	31.149600	0	112	0	20:25:55	121.487600	31.135800	42.17624209011949
81454	2007-02-20	20:26:04	121.800600	31.149600	0	112	0	20:26:56	121.491500	31.133300	41.67499558996086
81454	2007-02-20	20:27:05	121.800600	31.149600	0	112	0	20:27:57	121.503000	31.135600	40.10850779920691
81454	2007-02-20	20:28:06	121.800600	31.149600	0	112	0	20:28:58	121.514300	31.137500	38.57397607218144
81454	2007-02-20	20:29:07	121.800600	31.149600	0	112	0	20:29:59	121.529100	31.140000	36.56610058092618
81454	2007-02-20	20:30:08	121.800600	31.149600	0	112	0	20:32:01	121.556600	31.146000	32.838183551246935
81454	2007-02-20	20:34:12	121.800600	31.149600	0	112	0	20:35:04	121.562500	31.132800	32.15030962085976
81454	2007-02-20	20:35:13	121.800600	31.149600	0	112	0	20:36:05	121.562500	31.123600	32.30288210124009
81454	2007-02-20	20:36:14	121.800600	31.149600	0	112	0	20:37:06	121.562800	31.119800	32.34460270615585
81454	2007-02-20	20:37:15	121.800600	31.149600	0	112	0	20:38:07	121.564300	31.111800	32.353475180368655
81454	2007-02-20	20:39:17	121.800600	31.149600	0	112	0	20:40:09	121.571800	31.096300	31.915901546201013
81454	2007-02-20	20:40:18	121.800600	31.149600	0	112	0	20:41:10	121.578500	31.090600	31.301307588461555
81454	2007-02-20	20:41:19	121.800600	31.149600	0	112	0	20:42:11	121.580100	31.085600	31.339934869172566
81454	2007-02-20	20:42:20	121.800600	31.149600	0	112	0	20:43:12	121.581500	31.075800	31.694080696638565
81454	2007-02-20	20:43:21	121.800600	31.149600	0	112	0	20:44:13	121.582800	31.066600	32.093111752281715
81454	2007-02-20	20:44:22	121.800600	31.149600	0	112	0	20:45:14	121.584600	31.057800	32.46417385869298
81454	2007-02-20	20:45:23	121.800600	31.149600	0	112	0	20:46:15	121.586500	31.049300	32.85653805777373
81454	2007-02-20	20:46:24	121.800600	31.149600	0	112	0	20:47:16	121.591300	31.040800	32.965500890601696
81454	2007-02-20	20:47:25	121.800600	31.149600	0	112	0	20:48:17	121.593600	31.031600	33.48171063202475
81454	2007-02-20	20:48:26	121.800600	31.149600	0	112	0	21:58:43	121.469500	31.223000	46.006590985504296
81454	2007-02-20	22:00:37	121.800600	31.149600	0	112	0	22:00:44	121.466000	31.223600	46.48585018334842
81454	2007-02-20	22:01:38	121.800600	31.149600	0	112	0	22:01:45	121.463800	31.222500	46.72993879237833
81454	2007-02-20	22:02:40	121.800600	31.149600	0	112	0	22:02:46	121.460000	31.221000	47.169288683552715
81454	2007-02-20	22:03:40	121.800600	31.149600	0	112	0	22:03:47	121.457300	31.220000	47.48544746256871
81454	2007-02-20	22:04:41	121.800600	31.149600	0	112	0	22:04:48	121.455800	31.219300	47.65641493567931
81454	2007-02-20	22:05:42	121.800600	31.149600	0	112	0	22:05:49	121.452100	31.217800	48.088124785006386
81454	2007-02-20	22:06:43	121.800600	31.149600	0	112	0	22:06:50	121.452000	31.217800	48.10123735380846
81454	2007-02-20	22:07:45	121.800600	31.149600	0	112	0	22:07:51	121.446300	31.215100	48.75819356732575
81454	2007-02-20	22:08:45	121.800600	31.149600	0	112	0	22:08:52	121.445000	31.214500	48.90950911018192
81454	2007-02-20	22:09:46	121.800600	31.149600	0	112	0	22:09:53	121.444100	31.209600	48.87459310575051
81454	2007-02-20	22:10:47	121.800600	31.149600	0	112	0	22:10:54	121.442800	31.208000	48.99882276996589
81454	2007-02-20	22:11:48	121.800600	31.149600	0	112	0	22:11:55	121.439000	31.202800	49.357226613889424
81454	2007-02-20	22:12:50	121.800600	31.149600	0	112	0	22:12:56	121.438500	31.202300	49.41039866191148
81454	2007-02-20	22:13:50	121.800600	31.149600	0	112	0	22:13:57	121.435600	31.198300	49.6952739235697
81454	2007-02-20	22:14:51	121.800600	31.149600	0	112	0	22:29:10	121.784800	31.181100	5.389634245944934
81454	2007-02-20	23:30:25	121.785300	31.174300	48	112	0	23:48:14	121.446800	31.201800	45.734969665935516
81454	2007-02-20	23:50:05	121.800800	31.149800	0	67	0	23:50:16	121.458100	31.205000	46.91009928092141
81454	2007-02-20	23:51:06	121.800800	31.149800	0	67	0	23:52:18	121.464800	31.207100	46.08758657906608
81454	2007-02-20	23:54:09	121.800800	31.149800	0	67	0	23:54:19	121.468300	31.210100	45.72072991247296
81454	2007-02-20	23:55:10	121.800800	31.149800	0	67	0	23:55:21	121.466100	31.215000	46.17404836241191
81454	2007-02-20	23:57:12	121.800800	31.149800	0	67	0	23:58:16	121.477500	31.232100	45.368799483473175
81463	2007-02-20	15:20:34	121.800100	31.151300	0	90	0	15:53:56	121.693500	31.193100	15.774958710674044
81464	2007-02-20	08:26:33	121.799300	31.152800	12	90	0	08:32:38	121.522600	31.280100	42.248515112037694
81532	2007-02-20	06:14:02	121.799800	31.149000	32	90	0	06:38:49	121.653800	31.268500	27.175338596153434
81535	2007-02-20	13:55:10	121.799000	31.153000	48	90	0	17:12:25	121.648300	31.275500	27.957405192964814
81564	2007-02-20	09:12:38	121.774600	31.166300	0	45	0	09:15:13	121.473500	31.280800	44.3067469867762
81574	2007-02-20	12:13:53	121.801100	31.152500	14	45	0	13:09:56	121.788600	31.175800	4.031021168039553
81824	2007-02-20	13:47:48	121.768600	31.167300	0	45	0	15:06:40	121.774500	31.177100	1.7332641386675638
81824	2007-02-20	15:10:57	121.791300	31.171100	56	67	0	17:18:59	121.786600	31.178100	1.269289960893619
81824	2007-02-20	18:43:45	121.799100	31.152100	24	90	0	22:03:23	121.781500	31.184800	5.660433365238964
82447	2007-02-20	09:00:35	121.800800	31.151500	0	157	0	09:39:07	121.543300	31.279600	40.05698432439561
82459	2007-02-20	18:18:52	121.789000	31.174300	58	67	0	18:30:30	121.751100	31.189300	5.617193805018028
82464	2007-02-20	09:01:57	121.799600	31.152500	6	112	0	14:23:55	121.783100	31.183100	5.298630741774052
82472	2007-02-20	07:28:19	121.804000	31.147000	58	0	0	09:21:11	121.481800	31.172800	43.539948754990206
82541	2007-02-20	16:58:45	121.799800	31.151600	0	135	0	17:16:02	121.700100	31.190300	14.728313664154472
82545	2007-02-20	13:00:49	121.800500	31.152500	0	45	0	17:24:17	121.785800	31.179500	4.683267040256653
82604	2007-02-20	17:45:42	121.799000	31.153100	40	90	0	17:56:52	121.782100	31.184100	5.378321196826826
82614	2007-02-20	17:44:48	121.800300	31.151300	48	67	0	18:06:32	121.691600	31.203000	16.729992746700113
82753	2007-02-20	14:55:48	121.799800	31.152600	0	45	0	15:40:21	121.532600	31.266100	40.11928508533128
82791	2007-02-20	11:10:59	121.799100	31.152000	0	112	0	16:04:03	121.781800	31.184500	5.615039253287506
83843	2007-02-20	09:53:09	121.798300	31.153300	0	0	0	10:01:00	121.765300	31.191000	7.405705012054904
83867	2007-02-20	08:40:44	121.800100	31.152600	0	112	0	14:01:47	121.769100	31.190600	7.2862585762749585
83872	2007-02-20	06:42:01	121.800500	31.153300	0	45	0	15:37:47	121.771300	31.191000	7.1110381720512486
83876	2007-02-20	12:59:00	121.783300	31.173800	56	135	0	17:00:26	121.784600	31.181100	1.1610220843469192
83876	2007-02-20	18:21:12	121.767800	31.169300	34	45	0	21:52:28	121.782500	31.183800	3.017949582684007
83987	2007-02-20	12:32:49	121.800600	31.151600	12	67	0	13:10:19	121.701000	31.191800	14.81504062805193
84013	2007-02-20	10:01:43	121.802100	31.149500	0	67	0	10:19:05	121.731300	31.197800	12.181410320891665
84013	2007-02-20	11:27:43	121.800300	31.151300	0	67	0	11:52:10	121.695000	31.189800	15.405195720158261
84071	2007-02-20	08:09:50	121.800300	31.151600	0	67	0	09:50:18	121.613600	31.221000	27.380855337287827
84097	2007-02-20	07:00:15	121.789300	31.174000	94	67	0	08:41:43	121.496600	31.348800	47.98883769472773
84121	2007-02-20	08:07:35	121.800100	31.150100	38	90	0	13:57:50	121.785300	31.180300	5.148923470386867
84122	2007-02-20	14:02:36	121.799600	31.152000	36	67	0	18:07:20	121.768100	31.190600	7.402123058986272
84152	2007-02-20	06:34:41	121.799600	31.150800	40	90	0	11:38:38	121.478500	31.161800	43.238813785458056
84154	2007-02-20	07:52:49	121.799800	31.151600	42	67	0	08:58:08	121.538100	31.179800	35.4864982873566
84160	2007-02-20	09:43:11	121.799500	31.152800	12	67	0	10:04:06	121.695500	31.202000	15.986413310180867
84163	2007-02-20	06:31:49	121.799300	31.152500	0	90	0	09:34:16	121.588300	31.263300	33.29590054082014
84169	2007-02-20	10:41:36	121.802000	31.150800	0	157	0	10:50:14	121.737100	31.188300	10.535489790883565
84183	2007-02-20	18:09:44	121.800000	31.152000	26	67	0	18:59:25	121.489800	31.255500	44.778354500008504
84227	2007-02-20	13:13:40	121.799600	31.152800	12	67	0	14:08:02	121.573100	31.270600	35.64735928594529
84239	2007-02-20	00:01:00	121.800800	31.149800	0	112	0	08:23:34	121.688800	31.189600	16.315336080696795
84239	2007-02-20	19:33:33	121.790000	31.173000	104	67	0	22:21:41	121.780500	31.185500	2.3443047616768267
84257	2007-02-20	13:35:54	121.788000	31.174300	46	67	0	13:43:26	121.758800	31.167100	4.088147656316949
84257	2007-02-20	13:58:39	121.766300	31.160300	60	22	0	14:27:05	121.787800	31.176800	3.8854462437176247
84257	2007-02-20	14:50:25	121.790100	31.173000	74	67	0	15:33:16	121.472000	31.201100	43.014168279040184
84257	2007-02-20	17:54:30	121.791500	31.171000	54	67	0	18:13:50	121.786800	31.178100	1.2829474876264908
84276	2007-02-20	07:40:20	121.799100	31.153100	22	67	0	07:54:43	121.739100	31.185300	9.528280326158365
84303	2007-02-20	15:59:19	121.790000	31.173000	70	67	0	16:00:45	121.459100	31.232800	45.48333077830451
84303	2007-02-20	16:03:09	121.800500	31.151600	0	135	0	16:03:47	121.468300	31.221100	46.00030181809456
84303	2007-02-20	16:04:09	121.800100	31.151500	0	135	0	16:04:48	121.466500	31.223800	46.288788784244055
84303	2007-02-20	16:05:11	121.800500	31.151600	0	135	0	16:05:49	121.467800	31.218300	45.96383572955148
84303	2007-02-20	16:06:12	121.800300	31.151600	0	135	0	16:06:50	121.467800	31.218300	45.93764376497054
84303	2007-02-20	16:07:13	121.800100	31.151600	0	45	0	16:07:51	121.470800	31.220300	45.59170635623617
84303	2007-02-20	16:08:14	121.800100	31.151600	0	45	0	16:08:52	121.474000	31.221300	45.21127808463365
84303	2007-02-20	16:09:14	121.800300	31.151500	0	45	0	16:09:53	121.476500	31.222300	44.95351366452429
84303	2007-02-20	16:10:16	121.800000	31.151500	0	45	0	16:10:54	121.478000	31.221500	44.68801419110626
84303	2007-02-20	16:11:17	121.799800	31.151300	0	135	0	16:11:55	121.484800	31.223600	43.86798259005497
84303	2007-02-20	16:12:18	121.800000	31.151100	0	45	0	16:12:56	121.495500	31.222600	42.47226878269675
84303	2007-02-20	16:13:19	121.800300	31.151100	0	90	0	16:13:57	121.496800	31.222500	42.338423023973434
84303	2007-02-20	16:14:19	121.800100	31.151300	0	67	0	16:14:58	121.510600	31.228600	40.79127602233935
84303	2007-02-20	16:15:21	121.800100	31.151300	0	67	0	16:15:59	121.513100	31.225300	40.31827768793802
84303	2007-02-20	16:16:22	121.800600	31.151300	0	45	0	16:17:00	121.514500	31.220500	39.991434721784174
84303	2007-02-20	16:17:23	121.800600	31.151600	0	0	0	16:18:01	121.514500	31.220300	39.97009842856369
84303	2007-02-20	16:18:24	121.800600	31.151600	0	0	0	16:19:02	121.518000	31.221000	39.54713125728961
84303	2007-02-20	16:19:24	121.800800	31.151600	0	45	0	16:20:03	121.519600	31.220000	39.32306509116716
84303	2007-02-20	16:20:26	121.800800	31.151600	0	45	0	16:23:40	121.520000	31.225300	39.50663924280541
84303	2007-02-20	16:24:29	121.800300	31.151500	0	112	0	16:24:40	121.519300	31.227100	39.62062952800158
84303	2007-02-20	16:25:31	121.800500	31.151600	0	112	0	16:25:41	121.519500	31.229000	39.706073628324866
84303	2007-02-20	16:26:32	121.800800	31.151500	0	45	0	16:26:42	121.522600	31.226500	39.23318502547252
84303	2007-02-20	16:27:33	121.800800	31.151600	0	22	0	16:27:43	121.524300	31.225500	38.963404837498594
84303	2007-02-20	16:28:34	121.801100	31.151600	0	135	0	16:28:44	121.527500	31.227000	38.66264981337531
84303	2007-02-20	16:29:34	121.801000	31.151000	0	112	0	16:30:46	121.521100	31.232000	39.742564155045535
84303	2007-02-20	16:31:21	121.802500	31.150600	48	45	0	16:31:47	121.528800	31.234300	39.09405765525914
84303	2007-02-20	16:32:54	121.798300	31.150000	0	45	0	16:33:49	121.538500	31.237600	37.55897324499503
84303	2007-02-20	16:33:54	121.798300	31.149800	0	45	0	16:34:50	121.540500	31.238100	37.34956874318767
84303	2007-02-20	16:34:56	121.798300	31.149800	0	45	0	16:35:51	121.549500	31.241600	36.44248430678863
84303	2007-02-20	16:35:57	121.798300	31.149800	0	45	0	16:36:52	121.554000	31.244000	36.04059687436947
84303	2007-02-20	16:37:59	121.801500	31.150000	0	45	0	16:38:54	121.560300	31.238500	35.298943274675125
84303	2007-02-20	16:41:02	121.801500	31.150000	0	45	0	17:19:14	121.474600	31.211600	45.027217509339835
84303	2007-02-20	17:19:21	121.798300	31.154500	6	157	0	17:20:15	121.472000	31.211000	44.78157684296383
84303	2007-02-20	17:20:22	121.798000	31.155300	10	0	0	17:21:16	121.465300	31.207500	45.499495324302
84303	2007-02-20	17:21:28	121.796800	31.158600	20	0	0	17:22:17	121.462300	31.209300	45.69474594782977
84303	2007-02-20	17:22:49	121.795500	31.164000	28	157	0	17:25:36	121.469000	31.216000	44.66974866314944
84303	2007-02-20	17:42:50	121.765800	31.168800	0	45	0	17:43:31	121.478800	31.220800	39.45671053372573
84303	2007-02-20	17:43:38	121.771500	31.170300	36	45	0	17:44:33	121.483500	31.223000	39.61043305159163
84303	2007-02-20	17:44:36	121.774100	31.170500	44	90	0	17:45:33	121.495100	31.222600	38.40741592410719
84303	2007-02-20	17:46:05	121.775800	31.164100	32	135	0	17:46:34	121.497300	31.222300	38.55930316741924
84303	2007-02-20	17:47:22	121.774500	31.163600	0	135	0	17:47:36	121.513500	31.229600	36.604509777298
84303	2007-02-20	17:49:24	121.774500	31.163600	0	135	0	17:49:38	121.519600	31.231600	35.91053232440096
84303	2007-02-20	17:50:25	121.774500	31.163600	0	135	0	17:50:39	121.523800	31.232800	35.42896542156894
84303	2007-02-20	17:51:26	121.774500	31.163600	0	135	0	18:20:16	121.475100	31.212000	40.98377027451378
84303	2007-02-20	18:37:48	121.791000	31.171600	58	67	0	18:38:06	121.476300	31.218300	42.95797881156851
84303	2007-02-20	18:38:20	121.794300	31.167000	102	67	0	18:40:09	121.485000	31.223500	42.537346772411325
84303	2007-02-20	18:40:12	121.801300	31.151600	38	90	0	18:41:10	121.484100	31.225600	44.222924476953956
84303	2007-02-20	18:41:55	121.800500	31.150000	0	135	0	18:42:11	121.482300	31.230100	44.613275064538364
84303	2007-02-20	18:42:56	121.800500	31.150000	0	135	0	18:43:11	121.482300	31.232500	44.72074470918879
84303	2007-02-20	18:43:57	121.800500	31.150000	0	135	0	18:44:13	121.482300	31.232500	44.72074470918879
84303	2007-02-20	18:44:58	121.800500	31.150000	0	135	0	18:45:14	121.480500	31.235800	45.10423350686132
84303	2007-02-20	18:45:59	121.800500	31.150000	0	135	0	19:14:23	121.479100	31.228600	44.96127451672912
84303	2007-02-20	19:14:27	121.800500	31.150000	0	135	0	20:33:10	121.443300	31.192100	48.507761594568365
84303	2007-02-20	20:33:43	121.800500	31.150000	0	135	0	20:35:11	121.440300	31.199000	49.06447026424195
84303	2007-02-20	20:35:46	121.800500	31.150000	0	135	0	20:36:12	121.444300	31.200600	48.57329019449854
84303	2007-02-20	20:36:47	121.800500	31.150000	0	135	0	20:37:13	121.452000	31.203300	47.62395712624933
84303	2007-02-20	20:37:48	121.800500	31.150000	0	135	0	20:38:14	121.456000	31.204500	47.12801354598299
84303	2007-02-20	20:38:49	121.800500	31.150000	0	135	0	20:39:15	121.459100	31.205100	46.73526429035876
84303	2007-02-20	20:39:50	121.800500	31.150000	0	135	0	20:40:16	121.463600	31.207100	46.2001561801746
84303	2007-02-20	20:40:51	121.800500	31.150000	0	135	0	20:41:17	121.467800	31.210100	45.740495894779116
84303	2007-02-20	20:41:52	121.800500	31.150000	0	135	0	20:42:18	121.468300	31.210300	45.68116044557355
84303	2007-02-20	20:42:53	121.800500	31.150000	0	135	0	20:43:19	121.466000	31.215300	46.15119689035895
84303	2007-02-20	20:43:53	121.800500	31.150000	0	135	0	20:45:21	121.470800	31.228800	46.04408430226671
84303	2007-02-20	20:45:56	121.800500	31.150000	0	135	0	20:46:22	121.472000	31.229500	45.91833449844777
84303	2007-02-20	20:46:57	121.800500	31.150000	0	135	0	20:47:23	121.474000	31.230600	45.70695078984687
84303	2007-02-20	20:47:58	121.800500	31.150000	0	135	0	20:49:36	121.477500	31.232500	45.338981220303
84303	2007-02-20	20:50:00	121.800500	31.150000	0	135	0	20:51:38	121.484000	31.233600	44.55245517357035
84303	2007-02-20	20:52:02	121.800500	31.150000	0	135	0	20:55:18	121.485600	31.240100	44.659084503300114
84303	2007-02-20	20:56:06	121.800500	31.150000	0	135	0	20:56:19	121.485600	31.241000	44.70398252227668
84303	2007-02-20	20:57:07	121.800500	31.150000	0	135	0	20:57:20	121.485800	31.242600	44.75935733278438
84303	2007-02-20	20:58:08	121.800500	31.150000	0	135	0	20:58:21	121.486100	31.247100	44.95558151900114
84303	2007-02-20	20:59:08	121.800500	31.150000	0	135	0	20:59:22	121.488100	31.248000	44.75101720849806
84303	2007-02-20	21:00:10	121.800500	31.150000	0	135	0	21:00:23	121.495600	31.251100	43.97858311998575
84303	2007-02-20	21:01:11	121.800500	31.150000	0	135	0	21:01:24	121.500100	31.252800	43.513094485030976
84303	2007-02-20	21:02:12	121.800500	31.150000	0	135	0	21:12:01	121.486100	31.236800	44.43391783619578
84303	2007-02-20	21:12:22	121.800500	31.150000	0	135	0	21:13:01	121.483600	31.233600	44.6038632561411
84303	2007-02-20	21:13:23	121.800500	31.150000	0	135	0	21:14:02	121.473800	31.230600	45.73279720845621
84303	2007-02-20	21:14:23	121.800500	31.150000	0	135	0	21:15:03	121.467500	31.227600	46.42205642656168
84303	2007-02-20	21:15:25	121.800500	31.150000	0	135	0	21:16:04	121.462800	31.228500	47.06899411398861
84303	2007-02-20	21:16:26	121.800500	31.150000	0	135	0	21:18:06	121.457800	31.246000	48.4988213251018
84303	2007-02-20	21:19:28	121.800500	31.150000	0	135	0	21:20:08	121.459300	31.253600	48.69201028928643
84303	2007-02-20	21:20:30	121.800500	31.150000	0	135	0	21:21:09	121.459300	31.255000	48.765769124283935
84303	2007-02-20	21:21:31	121.800500	31.150000	0	135	0	21:22:10	121.458800	31.259100	49.04981772086128
84303	2007-02-20	21:22:32	121.800500	31.150000	0	135	0	21:24:12	121.458800	31.259100	49.04981772086128
84303	2007-02-20	22:53:34	121.785600	31.174500	36	112	0	23:01:49	121.475100	31.210600	42.14593897080686
84303	2007-02-20	23:04:36	121.791000	31.171600	60	67	0	23:04:52	121.466800	31.206800	43.95597906210105
84325	2007-02-20	00:00:45	121.800600	31.149800	0	112	0	00:57:25	121.778500	31.187000	6.561248686057669
84325	2007-02-20	01:59:56	121.765300	31.168600	54	45	0	08:11:14	121.782100	31.184000	3.312152346684442
84325	2007-02-20	09:30:13	121.789500	31.173600	98	67	0	14:47:11	121.716300	31.178600	9.87838325050327
84390	2007-02-20	06:39:48	121.799500	31.151600	0	90	0	11:23:02	121.721800	31.180500	11.39838899529285
84474	2007-02-20	18:13:12	121.799300	31.149800	22	90	0	18:41:38	121.556300	31.186000	33.18357706649102
84520	2007-02-20	01:04:37	121.769000	31.159500	0	45	0	01:11:50	121.741100	31.179500	4.8966092707919024
84520	2007-02-20	10:14:31	121.799300	31.153000	16	67	0	10:14:39	121.496500	31.309800	47.592759557226444
84520	2007-02-20	10:14:54	121.799800	31.152100	16	67	0	10:15:40	121.492000	31.310000	48.25789577462529
84520	2007-02-20	10:15:54	121.800600	31.150300	18	67	0	10:16:41	121.485600	31.309000	49.15476945993001
84520	2007-02-20	10:16:49	121.802100	31.146800	62	67	0	10:17:42	121.481800	31.305600	49.77925760262458
84520	2007-02-20	10:17:53	121.802300	31.152600	50	0	0	10:18:43	121.481100	31.305500	49.4250549911731
84520	2007-02-20	10:18:57	121.798800	31.160800	58	157	0	10:19:44	121.481500	31.303800	48.221164920059735
84520	2007-02-20	10:19:45	121.792000	31.171000	112	157	0	10:20:45	121.482800	31.300100	46.2594735539118
84524	2007-02-20	12:40:09	121.799500	31.152800	22	67	0	12:40:35	121.448600	31.249600	49.58501121114979
84524	2007-02-20	12:41:10	121.799100	31.153800	0	135	0	12:41:37	121.447300	31.250800	49.7093354417531
84524	2007-02-20	12:43:12	121.803000	31.150300	42	0	0	12:44:18	121.446800	31.247500	50.28404794057831
84524	2007-02-20	12:45:14	121.797800	31.162600	60	157	0	12:45:19	121.440800	31.246500	49.789420075840056
84524	2007-02-20	12:46:15	121.790800	31.172600	88	157	0	12:46:20	121.437600	31.245500	48.86025644565284
84580	2007-02-20	07:25:46	121.799100	31.153100	14	67	0	12:18:17	121.782000	31.184100	5.389750769962669
84621	2007-02-20	10:28:40	121.800600	31.149600	0	90	0	11:13:32	121.438500	31.216600	49.83316566505101
84671	2007-02-20	07:06:14	121.766100	31.168800	96	45	0	11:37:45	121.725500	31.181600	5.820664222840017
84671	2007-02-20	15:18:30	121.765600	31.168800	76	45	0	19:16:16	121.565300	31.231100	28.663737625269505
84671	2007-02-20	20:16:18	121.786000	31.174500	30	135	0	22:36:39	121.758300	31.190300	4.478243784511507
84697	2007-02-20	17:40:37	121.799800	31.151100	56	90	0	18:59:37	121.424000	31.155600	50.57064714582108
84961	2007-02-20	08:13:11	121.800800	31.149100	42	90	0	09:27:59	121.388800	31.198100	55.95762355076371
85206	2007-02-20	20:01:59	121.799800	31.152000	10	90	0	21:25:51	121.346800	31.194800	61.310841830318715
85219	2007-02-20	01:21:37	121.776600	31.166300	54	45	0	08:20:03	121.673500	31.163500	13.877900782495619
85244	2007-02-20	09:27:33	121.799500	31.152100	8	45	0	10:23:43	121.342300	31.196500	61.89975424862612
85244	2007-02-20	14:25:55	121.798100	31.153000	0	135	0	14:32:25	121.780000	31.186000	5.731553008337449
85246	2007-02-20	17:07:22	121.799800	31.153300	14	157	0	17:37:22	121.558300	31.167300	32.56708783982112
85262	2007-02-20	08:20:43	121.800800	31.148600	40	90	0	08:43:06	121.635300	31.227300	25.468678890677857
85263	2007-02-20	07:54:04	121.800000	31.148800	36	90	0	09:36:50	121.325300	31.131100	63.942767696171956
85271	2007-02-20	13:45:29	121.766000	31.168800	4	0	0	17:36:51	121.716600	31.178600	6.821876199499121
85275	2007-02-20	08:24:27	121.765800	31.168600	72	45	0	13:32:52	121.785300	31.180300	3.2039732679451207
85275	2007-02-20	14:40:53	121.770600	31.170100	84	45	0	18:15:23	121.787600	31.177000	2.531223533256391
85275	2007-02-20	19:42:10	121.767500	31.174800	52	22	0	22:23:33	121.779800	31.185800	2.3934931170683735
85301	2007-02-20	06:46:27	121.801600	31.149300	0	90	0	07:28:22	121.589100	31.257100	33.22610415832094
85301	2007-02-20	12:16:46	121.800800	31.151100	6	67	0	15:21:55	121.528600	31.305300	43.899203656223534
85390	2007-02-20	05:42:02	121.800000	31.150300	0	90	0	12:39:24	121.424800	31.111300	50.867915714048415
85520	2007-02-20	07:41:21	121.799500	31.151500	6	90	0	09:31:50	121.478800	31.232100	44.957286632813876
85532	2007-02-20	23:39:59	121.800600	31.166300	0	0	0	23:53:28	121.701100	31.191300	13.94985979243155
85537	2007-02-20	00:00:24	121.768800	31.167000	0	0	0	07:15:37	121.782600	31.183600	3.202886682200135
85673	2007-02-20	06:19:59	121.802500	31.153300	30	22	0	09:01:07	121.527500	31.315300	44.89577431110197
85767	2007-02-20	08:46:03	121.800600	31.151800	0	67	0	09:28:33	121.513100	31.302500	45.33858665898525
85791	2007-02-20	08:07:36	121.801100	31.148600	0	90	0	08:22:06	121.722300	31.219500	15.382381685785237
85827	2007-02-20	06:37:59	121.799000	31.153000	4	112	0	07:14:04	121.593500	31.256600	32.079266196608394
85871	2007-02-20	08:34:18	121.800500	31.150000	0	0	0	09:18:44	121.494500	31.213100	42.340295354489065
85875	2007-02-20	12:24:15	121.776600	31.171800	48	45	0	16:44:15	121.788500	31.175800	1.7199659772564082
86303	2007-02-20	19:46:05	121.788800	31.174600	146	67	0	22:22:31	121.782500	31.183800	1.6764827875670056
86306	2007-02-20	07:00:19	121.799800	31.151100	36	90	0	10:30:48	121.430600	31.220000	50.82859562397536
86307	2007-02-20	10:22:32	121.799300	31.152600	22	90	0	10:33:03	121.749300	31.199000	9.922940168616401
86323	2007-02-20	06:13:36	121.785300	31.174300	48	135	0	11:11:36	121.806600	31.150100	4.7634259657985965
86323	2007-02-20	11:16:33	121.789000	31.165800	32	135	0	11:33:30	121.788100	31.176500	1.6867082235807558
86323	2007-02-20	12:29:40	121.790500	31.172500	102	67	0	12:40:17	121.776100	31.188300	3.1501589597457182
86345	2007-02-20	11:40:10	121.776500	31.164500	26	67	0	16:05:06	121.781100	31.185000	3.28207169437036
86354	2007-02-20	08:52:09	121.800000	31.151600	6	67	0	14:05:05	121.786500	31.178800	4.646344059129086
86377	2007-02-20	14:54:49	121.790300	31.174100	0	67	0	19:58:07	121.449600	31.249300	47.31568824105785
86403	2007-02-20	15:24:51	121.781300	31.167500	44	90	0	19:01:54	121.781800	31.184300	2.6423139467798085
86774	2007-02-20	05:57:22	121.799800	31.151000	12	112	0	10:50:46	121.783800	31.182100	5.342671701821547
87035	2007-02-20	11:03:09	121.799600	31.152300	0	67	0	11:22:12	121.735500	31.191500	10.599455062380281
87037	2007-02-20	21:09:17	121.769600	31.166600	22	0	0	21:31:37	121.658600	31.231500	18.082653525455324
87039	2007-02-20	18:00:20	121.799600	31.151300	0	90	0	18:29:49	121.632600	31.227000	25.4207249771257
87048	2007-02-20	22:29:42	121.799300	31.152800	4	45	0	22:52:36	121.693600	31.195000	15.691231500705529
87061	2007-02-20	06:05:59	121.800000	31.152800	0	112	0	12:18:34	121.472100	31.235100	45.960803284882616
87061	2007-02-20	14:16:47	121.799600	31.151100	0	112	0	15:03:33	121.570300	31.242100	33.99676925407908
87061	2007-02-20	19:56:16	121.799800	31.152600	0	90	0	20:16:44	121.699600	31.202100	15.564573997171241
87072	2007-02-20	07:14:15	121.799500	31.150800	26	90	0	07:53:12	121.641500	31.266300	27.95054283962446
87106	2007-02-20	08:46:32	121.800000	31.151500	0	135	0	09:09:53	121.678100	31.235600	21.063073304801975
87205	2007-02-20	10:09:28	121.800800	31.152500	26	45	0	10:21:44	121.734300	31.198600	11.513688365955357
87226	2007-02-20	01:21:12	121.766800	31.160600	74	22	0	08:01:45	121.783600	31.182500	4.11879953320532
87226	2007-02-20	14:20:45	121.785500	31.174300	48	135	0	18:15:01	121.785600	31.179800	0.8648675677715301
87229	2007-02-20	07:31:20	121.800300	31.152000	18	67	0	12:29:36	121.786100	31.179100	4.669605839094001
87231	2007-02-20	12:41:24	121.765600	31.168600	76	45	0	16:45:52	121.786600	31.178500	3.2254965006968277
87239	2007-02-20	11:21:51	121.799800	31.152500	0	67	0	11:35:57	121.721100	31.222100	15.225297516451185
87286	2007-02-20	08:04:39	121.800600	31.151600	0	45	0	08:50:56	121.506000	31.240000	41.98921619987887
87286	2007-02-20	11:09:42	121.802800	31.151500	0	45	0	15:59:03	121.785500	31.180000	5.049454415826878
87286	2007-02-20	16:16:37	121.791800	31.170300	72	67	0	16:24:43	121.786800	31.178000	1.384970741542629
87294	2007-02-20	05:49:29	121.790300	31.172500	110	67	0	06:07:52	121.693100	31.197100	13.63451371926739
87294	2007-02-20	07:15:31	121.802800	31.150500	58	0	0	07:17:08	121.657800	31.231100	23.258425229362178
87294	2007-02-20	07:17:33	121.794300	31.167600	82	157	0	07:18:09	121.642800	31.228600	22.519891712597236
87294	2007-02-20	15:25:28	121.799000	31.153300	0	90	0	15:29:28	121.713600	31.240100	17.83751635423518
87294	2007-02-20	15:29:35	121.799300	31.159300	92	0	0	15:30:28	121.716000	31.234500	16.288409555931
87294	2007-02-20	15:30:39	121.791800	31.171100	86	157	0	15:31:29	121.719100	31.226800	13.126128693492735
87304	2007-02-20	12:45:06	121.765500	31.168600	66	45	0	17:15:33	121.439100	31.219000	44.60941844137276
87304	2007-02-20	18:21:01	121.765600	31.168800	66	45	0	21:46:21	121.783800	31.182300	3.2403279858316965
87316	2007-02-20	12:15:25	121.800000	31.152100	22	67	0	12:26:15	121.764600	31.197100	8.528695146945132
87316	2007-02-20	12:32:13	121.799600	31.153000	0	67	0	12:55:56	121.681000	31.191600	17.070326357133858
87424	2007-02-20	10:49:28	121.800000	31.151000	0	135	0	11:22:52	121.593800	31.250600	31.847496644465192
87501	2007-02-20	06:55:25	121.800800	31.151500	0	67	0	11:41:10	121.765000	31.191000	7.859168205276208
87531	2007-02-20	10:59:12	121.800100	31.150800	0	90	0	11:17:35	121.709500	31.205000	14.871358133897402
87604	2007-02-20	12:40:25	121.799000	31.153100	14	90	0	12:54:22	121.728600	31.206300	12.635197999266156
87627	2007-02-20	06:56:27	121.800500	31.151300	68	67	0	07:44:26	121.554000	31.204100	34.18265677092878
87635	2007-02-20	12:24:11	121.789600	31.173600	70	67	0	16:45:12	121.781500	31.184500	2.0308486155591585
87637	2007-02-20	06:50:36	121.799600	31.150600	44	90	0	11:33:12	121.782000	31.184300	5.803628946793983
87637	2007-02-20	12:51:44	121.801000	31.151600	28	67	0	13:01:39	121.787500	31.175300	4.145426538712128
87637	2007-02-20	13:07:21	121.776500	31.172500	44	90	0	17:15:06	121.780600	31.185300	2.08674273901355
87652	2007-02-20	16:10:24	121.767800	31.169300	0	45	0	19:42:31	121.788000	31.176500	2.943818347326494
87663	2007-02-20	18:13:35	121.800800	31.152600	32	22	0	18:33:00	121.782000	31.184100	5.56116683405515
87675	2007-02-20	19:31:14	121.780500	31.169800	0	157	0	22:25:09	121.721300	31.180100	8.126825696955521
87682	2007-02-20	06:01:07	121.800000	31.150100	42	90	0	07:11:42	121.679300	31.236100	21.127681679145418
87682	2007-02-20	07:30:09	121.799100	31.151300	38	90	0	08:13:13	121.681500	31.238000	20.880512200197686
87682	2007-02-20	10:52:35	121.800100	31.152000	0	22	0	11:03:35	121.782300	31.183800	5.5437940137344
87682	2007-02-20	15:43:58	121.800800	31.148500	48	90	0	16:07:32	121.760000	31.158500	5.710547288634722
87682	2007-02-20	21:45:29	121.799600	31.151000	52	90	0	22:51:44	121.693100	31.197100	16.056135578222708
87692	2007-02-20	15:08:39	121.800500	31.150000	0	112	0	15:41:52	121.503100	31.149000	40.018541762909564
87720	2007-02-20	06:22:00	121.801800	31.146800	58	67	0	08:51:05	121.414800	31.138300	52.09578759228934
87740	2007-02-20	08:20:52	121.765100	31.148500	122	0	0	09:15:20	121.771000	31.176000	4.396076762492771
87740	2007-02-20	09:21:26	121.793600	31.167800	118	67	0	14:00:09	121.709500	31.176100	11.388858197572965
87746	2007-02-20	15:02:09	121.799000	31.153500	0	22	0	15:29:50	121.650800	31.212100	21.961077383500015
87765	2007-02-20	07:31:21	121.798100	31.148800	60	112	0	09:23:24	121.390000	31.193500	55.3495187925773
87765	2007-02-20	11:18:41	121.801100	31.150600	16	45	0	11:52:23	121.503600	31.144100	40.045639885422325
87917	2007-02-20	07:34:12	121.800100	31.150500	12	90	0	08:16:52	121.583100	31.213600	30.829533074704738
87925	2007-02-20	08:45:35	121.799100	31.153000	0	90	0	15:45:38	121.476500	31.237100	45.35846092105626
88343	2007-02-20	09:11:02	121.766800	31.169100	46	45	0	14:20:13	121.785600	31.179800	3.0375173357467684
88343	2007-02-20	15:43:13	121.767000	31.169100	54	45	0	19:13:24	121.788300	31.176100	3.0695379571231314
88374	2007-02-20	13:47:26	121.799500	31.152000	32	90	0	17:52:47	121.782800	31.183300	5.409884656930733
88537	2007-02-20	10:02:25	121.800800	31.148500	52	90	0	10:14:57	121.709800	31.193000	14.100588953487827
88644	2007-02-20	21:52:08	121.799800	31.152500	30	67	0	22:46:20	121.342100	31.196300	61.95596653273262
88697	2007-02-20	06:32:28	121.799600	31.152000	38	67	0	11:11:39	121.786000	31.179300	4.666075859096557
88734	2007-02-20	14:24:50	121.799300	31.152500	0	90	0	14:56:46	121.495100	31.145000	40.9505482564285
88903	2007-02-20	11:44:34	121.799600	31.152500	0	67	0	12:10:23	121.658600	31.196300	20.17949059562895
88932	2007-02-20	07:56:58	121.785500	31.174300	38	135	0	13:02:47	121.782800	31.183300	1.4609340304551095
88932	2007-02-20	15:29:08	121.784000	31.174000	74	135	0	19:03:26	121.785800	31.179500	0.8980235101955363
89007	2007-02-20	09:23:28	121.799500	31.152600	2	45	0	09:52:28	121.561600	31.171600	32.14674970294211
89142	2007-02-20	13:50:21	121.799800	31.153800	6	22	0	14:07:12	121.716300	31.192800	12.797671492988355
89253	2007-02-20	12:05:45	121.799800	31.152600	12	45	0	15:18:42	121.465600	31.264100	48.240348130988245
89256	2007-02-20	10:09:20	121.765600	31.168600	36	45	0	15:07:39	121.787500	31.177300	3.2482145936915
89284	2007-02-20	13:58:14	121.799100	31.153100	6	45	0	17:52:15	121.779800	31.186100	5.8019791180789895
89291	2007-02-20	06:33:48	121.798600	31.154000	42	90	0	11:14:37	121.787100	31.177800	4.049296869251924
89291	2007-02-20	11:47:36	121.789800	31.173300	96	67	0	12:02:13	121.782600	31.183600	1.886990747498861
89313	2007-02-20	10:24:30	121.799500	31.152800	20	67	0	10:52:59	121.523300	31.145300	37.18443537792397
89322	2007-02-20	12:18:00	121.800300	31.151800	0	67	0	12:58:23	121.557100	31.191600	33.31047248552135
89439	2007-02-20	06:59:38	121.799600	31.151300	12	112	0	11:35:37	121.787100	31.177800	4.493180507393905
89445	2007-02-20	17:03:01	121.767600	31.169300	62	45	0	20:16:58	121.787500	31.177100	2.9446218775808464
89471	2007-02-20	07:28:36	121.798800	31.151000	32	90	0	08:55:25	121.573600	31.347300	43.23116792616639
89510	2007-02-20	19:24:48	121.786800	31.174600	50	135	0	22:20:06	121.785600	31.179800	0.8333775483333471
89527	2007-02-20	10:11:47	121.799600	31.152600	28	67	0	10:35:34	121.683800	31.226300	19.41325009624285
96057	2007-02-20	20:30:31	121.799800	31.151100	40	90	0	21:02:52	121.597600	31.240000	30.576742240303098
99780	2007-02-20	14:04:10	121.799800	31.152600	20	45	0	14:23:41	121.720500	31.236100	16.9149842139258
