4.623901e+02
4.590144e+02
4.757550e+02
4.595090e+02
4.544107e+02
4.476834e+02
4.475640e+02
4.483160e+02
4.568475e+02
4.619597e+02
4.635609e+02
4.728121e+02
4.692710e+02
4.714074e+02
4.662598e+02
4.799954e+02
4.702276e+02
4.620410e+02
4.774937e+02
4.626273e+02
4.602147e+02
4.733138e+02
4.493986e+02
4.541445e+02
4.521909e+02
4.777558e+02
4.559254e+02
4.687842e+02
4.528701e+02
4.545083e+02
4.710486e+02
4.629095e+02
4.469519e+02
4.729811e+02
4.606731e+02
4.532651e+02
4.561757e+02
4.503559e+02
4.545727e+02
4.644213e+02
4.555769e+02
4.703855e+02
4.561737e+02
4.585256e+02
4.432713e+02
4.675174e+02
4.536196e+02
4.747831e+02
4.536925e+02
4.660036e+02
4.693166e+02
4.536862e+02
4.571480e+02
4.610145e+02
4.637836e+02
4.664889e+02
4.626410e+02
4.565807e+02
4.586640e+02
4.628064e+02
4.652565e+02
4.666169e+02
4.541597e+02
4.531951e+02
4.482571e+02
4.600981e+02
4.618326e+02
4.426453e+02
4.648855e+02
4.664968e+02
4.630263e+02
4.564289e+02
4.660447e+02
4.524846e+02
4.572540e+02
4.816079e+02
4.570858e+02
4.606903e+02
4.484761e+02
4.740151e+02
4.602889e+02
4.626082e+02
4.634454e+02
4.479287e+02
4.550515e+02
4.463511e+02
4.781162e+02
4.614828e+02
4.447437e+02
4.541335e+02
4.462859e+02
4.637142e+02
4.672411e+02
4.731599e+02
4.635319e+02
4.435882e+02
4.546659e+02
4.470425e+02
4.636599e+02
4.518618e+02
