5.265571e+02
4.979003e+02
5.214478e+02
4.985187e+02
4.856676e+02
5.250209e+02
5.277390e+02
5.214247e+02
4.784199e+02
5.278319e+02
5.054443e+02
4.854048e+02
5.150907e+02
4.996320e+02
5.091924e+02
4.961296e+02
5.220775e+02
5.263515e+02
5.431402e+02
4.910164e+02
5.244270e+02
4.806454e+02
4.918371e+02
4.797072e+02
4.913383e+02
5.069967e+02
5.326109e+02
5.002993e+02
5.223996e+02
4.965151e+02
5.088780e+02
4.992459e+02
5.194937e+02
5.036543e+02
4.799688e+02
4.989561e+02
4.772321e+02
5.006875e+02
5.065429e+02
4.858737e+02
4.998810e+02
5.208985e+02
5.155568e+02
5.377851e+02
4.961547e+02
4.999459e+02
4.978719e+02
4.972198e+02
5.091362e+02
4.991926e+02
5.321541e+02
5.249604e+02
4.983919e+02
4.873737e+02
4.856951e+02
5.222886e+02
4.602492e+02
4.894837e+02
5.055634e+02
5.288883e+02
5.182210e+02
5.187942e+02
5.418866e+02
5.330074e+02
5.254413e+02
4.897529e+02
5.136441e+02
4.935873e+02
4.976061e+02
5.166915e+02
4.914943e+02
5.108582e+02
4.884442e+02
4.926166e+02
5.308975e+02
5.228332e+02
5.008104e+02
5.099347e+02
4.983006e+02
4.937166e+02
5.131301e+02
5.203963e+02
5.285674e+02
5.019790e+02
5.059063e+02
5.184000e+02
4.989128e+02
5.048564e+02
4.954337e+02
5.406898e+02
5.293059e+02
5.119060e+02
5.135315e+02
4.889791e+02
5.330895e+02
5.466452e+02
4.777557e+02
4.948756e+02
4.968546e+02
5.068412e+02
