6.559305e+02
6.497003e+02
7.010215e+02
6.395164e+02
6.870601e+02
6.742601e+02
6.668080e+02
6.112348e+02
6.553846e+02
6.722554e+02
6.327715e+02
6.857431e+02
6.479300e+02
6.812947e+02
6.415170e+02
7.161563e+02
6.562511e+02
6.699199e+02
6.849600e+02
6.824536e+02
6.547948e+02
6.794187e+02
6.633778e+02
6.616495e+02
7.131814e+02
6.926958e+02
6.709040e+02
6.823815e+02
6.523819e+02
6.858949e+02
6.502336e+02
6.716722e+02
6.653359e+02
7.094585e+02
6.501624e+02
7.008967e+02
6.586179e+02
6.870642e+02
6.981813e+02
6.654508e+02
6.332741e+02
6.483658e+02
6.705782e+02
6.515194e+02
6.949789e+02
6.803304e+02
6.922332e+02
6.719589e+02
6.313202e+02
6.329428e+02
6.898490e+02
6.691761e+02
7.015552e+02
6.734899e+02
6.734409e+02
6.083735e+02
6.817557e+02
6.570685e+02
6.353568e+02
6.789207e+02
6.468778e+02
6.616219e+02
6.292001e+02
6.623369e+02
6.640272e+02
7.141544e+02
6.774294e+02
6.548066e+02
6.527002e+02
7.155642e+02
6.699407e+02
6.377845e+02
6.540748e+02
6.781736e+02
6.867895e+02
6.531946e+02
6.822947e+02
7.089130e+02
6.763036e+02
6.659907e+02
6.550398e+02
6.359848e+02
6.886588e+02
6.518003e+02
6.969753e+02
6.817779e+02
6.896799e+02
6.185030e+02
6.712047e+02
6.386923e+02
6.646895e+02
6.926781e+02
7.066434e+02
6.765237e+02
6.516182e+02
6.385961e+02
7.064704e+02
6.909375e+02
6.857407e+02
6.789366e+02
