4.622466e+02
4.653883e+02
4.505831e+02
4.696175e+02
4.664842e+02
4.693671e+02
4.503332e+02
4.626843e+02
4.549996e+02
4.687176e+02
4.588992e+02
4.553402e+02
4.561065e+02
4.555061e+02
4.560707e+02
4.486388e+02
4.588958e+02
4.699745e+02
4.492944e+02
4.570515e+02
4.518093e+02
4.631036e+02
4.511236e+02
4.579297e+02
4.601867e+02
4.628789e+02
4.685438e+02
4.736391e+02
4.440565e+02
4.621269e+02
4.684753e+02
4.635338e+02
4.561182e+02
4.504424e+02
4.661572e+02
4.628637e+02
4.583912e+02
4.682352e+02
4.558458e+02
4.672396e+02
4.638046e+02
4.700865e+02
4.612014e+02
4.562601e+02
4.489295e+02
4.666799e+02
4.667966e+02
4.484734e+02
4.639096e+02
4.583089e+02
4.666910e+02
4.733310e+02
4.703557e+02
4.630800e+02
4.530915e+02
4.407143e+02
4.462071e+02
4.713539e+02
4.462641e+02
4.555537e+02
4.616284e+02
4.773004e+02
4.396436e+02
4.634989e+02
4.821914e+02
4.600733e+02
4.602475e+02
4.655608e+02
4.657380e+02
4.668847e+02
4.634019e+02
4.598871e+02
4.745612e+02
4.520131e+02
4.508382e+02
4.558043e+02
4.627988e+02
4.680651e+02
4.630676e+02
4.644305e+02
4.527967e+02
4.727114e+02
4.536007e+02
4.503586e+02
4.674152e+02
4.518572e+02
4.628358e+02
4.651466e+02
4.614146e+02
4.643108e+02
4.646855e+02
4.437654e+02
4.515070e+02
4.401025e+02
4.585312e+02
4.584520e+02
4.439882e+02
4.704018e+02
4.386030e+02
4.531729e+02
