4.986789e+02
4.630917e+02
4.749798e+02
4.638755e+02
5.072187e+02
4.847101e+02
5.124661e+02
4.681556e+02
4.595651e+02
5.153955e+02
4.705379e+02
4.424914e+02
5.027139e+02
5.148625e+02
4.792406e+02
5.185921e+02
4.872269e+02
5.099491e+02
4.487406e+02
4.558168e+02
4.724704e+02
4.811593e+02
4.716548e+02
4.657229e+02
4.567499e+02
5.113611e+02
4.904394e+02
4.593174e+02
5.252059e+02
5.018635e+02
4.788006e+02
4.758206e+02
4.633094e+02
5.175733e+02
4.694972e+02
4.568750e+02
5.152522e+02
4.631266e+02
4.586570e+02
4.693987e+02
5.023802e+02
4.751156e+02
4.886899e+02
4.748795e+02
4.665338e+02
4.868719e+02
4.603629e+02
5.315958e+02
4.539743e+02
5.304880e+02
4.758425e+02
4.675092e+02
4.709132e+02
5.429847e+02
4.865993e+02
4.894475e+02
4.704348e+02
5.159071e+02
4.654249e+02
4.798385e+02
4.783285e+02
4.648057e+02
4.744643e+02
5.436190e+02
4.792391e+02
4.839247e+02
4.733900e+02
4.451985e+02
4.624333e+02
5.140605e+02
5.159302e+02
5.075352e+02
4.620125e+02
5.221642e+02
4.615279e+02
4.758487e+02
4.959914e+02
4.825751e+02
4.982937e+02
5.119863e+02
4.696288e+02
4.695619e+02
4.626616e+02
4.916910e+02
5.110963e+02
4.668726e+02
4.556193e+02
5.159718e+02
4.917491e+02
4.585522e+02
4.627072e+02
4.705192e+02
4.741745e+02
4.584939e+02
4.746633e+02
5.164926e+02
5.092876e+02
4.656195e+02
4.652701e+02
5.195645e+02
