6.468939e+02
6.399814e+02
6.522962e+02
6.700393e+02
6.950336e+02
7.151176e+02
6.271669e+02
6.836174e+02
6.949036e+02
6.580089e+02
6.758243e+02
6.800776e+02
6.571396e+02
6.617537e+02
6.638599e+02
6.791268e+02
7.041789e+02
6.515022e+02
6.949509e+02
6.498960e+02
6.806190e+02
6.545815e+02
6.732192e+02
7.033968e+02
6.911114e+02
6.394185e+02
6.534354e+02
7.052641e+02
6.850635e+02
6.608237e+02
6.984449e+02
6.750510e+02
6.946161e+02
6.664286e+02
6.465447e+02
6.338456e+02
6.291454e+02
6.452753e+02
6.682135e+02
6.661728e+02
6.663454e+02
6.915782e+02
6.402263e+02
6.757605e+02
6.741656e+02
6.382507e+02
6.375431e+02
6.657629e+02
7.074165e+02
6.127987e+02
6.292317e+02
7.069333e+02
6.684252e+02
7.043936e+02
6.494760e+02
6.463386e+02
6.844058e+02
6.323225e+02
6.848471e+02
6.551687e+02
6.540652e+02
6.485154e+02
6.347412e+02
7.032906e+02
6.820316e+02
6.508397e+02
6.845526e+02
6.522883e+02
6.743053e+02
6.904925e+02
6.979852e+02
6.519188e+02
6.595397e+02
6.676285e+02
6.744805e+02
6.450075e+02
6.708234e+02
6.686344e+02
6.738563e+02
7.183619e+02
6.441377e+02
6.875379e+02
6.654056e+02
6.566107e+02
6.665341e+02
6.965663e+02
6.109817e+02
6.710078e+02
6.561632e+02
6.424144e+02
6.238695e+02
6.841845e+02
6.849767e+02
6.770120e+02
6.543432e+02
6.775492e+02
7.226298e+02
6.725328e+02
6.878497e+02
6.717736e+02
