3.8
5.1
5.2
5.4
5.6
5.6
5.8
6
6.2
6.2
6.5
6.5
6.6
7.3
7.8
7.9
8.1
8.2
8.3
8.3
8.4
8.4
8.5
8.6
8.6
8.8
9.1
9.3
10.1
10.2
10.2
10.3
10.5
10.9
11.1
11.1
11.2
11.2
11.2
11.4
11.6
11.6
11.7
11.9
12.1
12.3
12.3
12.4
12.5
12.7
12.9
12.9
12.9
13
13.1
13.1
13.6
13.7
13.8
13.9
14.2
14.4
14.6
14.8
15.2
15.7
15.8
16
16.1
16.3
16.4
16.5
16.7
19.5
19.6
19.7
19.7
20.5
20.5
20.5
20.6
20.7
20.9
21.2
21.2
21.3
21.4
21.7
21.9
22
22.1
22.2
22.3
22.4
22.8
22.9
23.6
23.7
23.8
24.1
24.9
25
25.2
25.9
26.2
26.5
26.6
26.7
26.9
27.1
27.9
27.9
28.6
28.9
29.1
29.2
29.4
29.6
29.8
29.9
30
30.6
30.6
30.7
30.8
31.1
31.1
31.5
32.5
33.1
33.2
33.5
33.8
34.2
34.2
34.7
35.3
35.5
35.9
36
36.7
37
37.1
37.7
37.8
38.3
38.5
38.8
39.1
39.2
40.1
40.4
40.8
42.2
42.9
43
43.2
41.4
41.8
43.9
44.3
44.5
44.7
44.9
45.3
45.9
46.9
47.4
47.5
47.7
47.7
48
48
48.2
48.5
48.6
48.8
49
49.1
49.2
49.2
54.3
54.3
55.6
56
56.1
56.5
56.5
57.4
57.4
57.6
58.4
60.6
60.7
61.4
61.5
61.7
62.4
62.6
63.4
64
66.5
67.5
67.8
69.6
69.7
70.2
70.3
71.2
71.2
71.5
71.5
72.2
72.9
73.5
75.7
77.6
77.7
78.5
79.2
82.6
85.7
86.3
89
96.1
