1504.00	2007-02-20	15:51:59	121.80	31.15	.00	112.00	1.00	16:37:43	121.42	31.22	52.80	0:45:44	180.08
1504.00	2007-02-20	22:10:11	121.80	31.15	.00	112.00	1.00	22:43:44	121.47	31.21	45.54	0:33:33	153.94
17744.00	2007-02-20	10:06:00	121.79	31.17	90.00	157.00	1.00	10:45:38	121.41	31.23	51.50	0:39:38	175.40
20156.00	2007-02-20	11:34:14	121.80	31.15	.00	135.00	1.00	11:53:32	121.61	31.22	27.83	0:19:18	90.19
20156.00	2007-02-20	12:19:26	121.80	31.15	46.00	90.00	1.00	12:55:01	121.46	31.23	47.70	0:35:35	161.72
2108.00	2007-02-20	09:47:01	121.80	31.15	.00	.00	1.00	10:27:41	121.51	31.22	40.84	0:40:40	137.02
2108.00	2007-02-20	15:55:18	121.80	31.15	.00	135.00	1.00	16:31:54	121.57	31.25	34.98	0:36:36	115.93
2108.00	2007-02-20	20:12:07	121.80	31.15	.00	135.00	1.00	20:39:34	121.54	31.24	37.13	0:27:27	123.67
2167.00	2007-02-20	21:30:12	121.80	31.15	.00	135.00	1.00	22:01:43	121.60	31.26	32.00	0:31:31	105.20
2206.00	2007-02-20	16:29:01	121.80	31.15	10.00	67.00	1.00	17:11:00	121.45	31.23	48.73	0:41:59	165.43
2206.00	2007-02-20	21:24:49	121.80	31.15	.00	135.00	1.00	22:04:28	121.48	31.22	44.92	0:39:39	151.71
24329.00	2007-02-20	20:06:45	121.80	31.15	.00	135.00	1.00	20:34:12	121.59	31.24	32.47	0:27:27	106.89
24434.00	2007-02-20	21:34:07	121.80	31.15	.00	135.00	1.00	22:16:49	121.48	31.32	51.43	0:42:42	175.15
31950.00	2007-02-20	22:11:11	121.80	31.15	.00	.00	1.00	22:14:03	121.38	31.14	56.30	0:02:52	192.68
3228.00	2007-02-20	22:51:28	121.80	31.15	.00	112.00	1.00	23:37:12	121.39	31.22	56.11	0:45:44	192.00
32931.00	2007-02-20	00:38:39	121.80	31.15	.00	135.00	1.00	01:15:16	121.43	31.20	49.32	0:36:37	216.50
32931.00	2007-02-20	20:38:09	121.79	31.17	124.00	157.00	1.00	21:08:56	121.85	31.07	18.96	0:30:47	58.26
3423.00	2007-02-20	10:48:12	121.80	31.15	.00	135.00	1.00	11:33:00	121.43	31.21	50.32	0:44:48	171.15
34427.00	2007-02-20	07:19:03	121.79	31.17	74.00	67.00	1.00	07:21:05	121.80	31.15	3.35	0:02:02	14.88
34744.00	2007-02-20	00:07:11	121.80	31.15	.00	.00	1.00	00:24:40	121.41	31.13	52.07	0:17:29	229.43
35257.00	2007-02-20	15:47:17	121.80	31.15	.00	.00	1.00	16:07:36	121.51	31.14	39.34	0:20:19	131.62
35834.00	2007-02-20	08:19:17	121.80	31.15	.00	157.00	1.00	08:22:19	121.80	31.16	2.36	0:03:02	14.00
35834.00	2007-02-20	08:26:04	121.80	31.15	10.00	90.00	1.00	08:32:10	121.77	31.19	6.80	0:06:06	23.50
35834.00	2007-02-20	10:19:20	121.80	31.15	.00	90.00	1.00	10:23:24	121.80	31.17	2.52	0:04:04	14.00
35834.00	2007-02-20	10:28:10	121.80	31.15	.00	90.00	1.00	10:36:18	121.77	31.17	5.01	0:08:08	19.03
35834.00	2007-02-20	10:46:14	121.80	31.15	6.00	45.00	1.00	10:56:24	121.67	31.16	18.37	0:10:10	56.13
35834.00	2007-02-20	17:43:55	121.80	31.15	.00	135.00	1.00	18:19:30	121.51	31.23	41.29	0:35:35	138.64
35834.00	2007-02-20	21:52:52	121.80	31.15	.00	157.00	1.00	22:06:05	121.69	31.20	16.28	0:13:13	48.61
35834.00	2007-02-20	23:02:22	121.80	31.15	.00	90.00	1.00	23:10:29	121.71	31.18	12.79	0:08:07	48.35
36512.00	2007-02-20	13:41:44	121.80	31.15	.00	112.00	1.00	14:20:22	121.44	31.22	50.38	0:38:38	171.37
36512.00	2007-02-20	18:28:49	121.80	31.15	.00	135.00	1.00	19:04:23	121.49	31.21	42.81	0:35:34	144.12
36512.00	2007-02-20	22:23:08	121.80	31.16	60.00	157.00	1.00	22:59:59	121.52	31.23	39.49	0:36:51	132.16
3701.00	2007-02-20	10:24:16	121.80	31.15	14.00	90.00	1.00	11:08:48	121.35	31.19	61.10	0:44:32	209.96
5194.00	2007-02-20	07:26:11	121.80	31.15	40.00	157.00	1.00	08:19:03	121.45	31.20	47.56	0:52:52	161.22
54290.00	2007-02-20	08:27:16	121.80	31.15	.00	112.00	1.00	09:03:51	121.46	31.20	46.31	0:36:35	156.72
54290.00	2007-02-20	14:41:01	121.80	31.15	.00	112.00	1.00	15:04:24	121.57	31.23	33.90	0:23:23	112.04
54290.00	2007-02-20	15:29:15	121.77	31.17	.00	45.00	1.00	15:42:27	121.79	31.16	2.40	0:13:12	14.00
54292.00	2007-02-20	00:36:43	121.80	31.15	.00	135.00	1.00	01:07:12	121.44	31.20	49.63	0:30:29	217.96
54307.00	2007-02-20	16:03:28	121.80	31.15	.00	112.00	1.00	16:06:32	121.80	31.16	2.21	0:03:04	14.00
54307.00	2007-02-20	16:15:56	121.80	31.15	.00	90.00	1.00	16:23:04	121.72	31.18	11.67	0:07:08	35.68
54309.00	2007-02-20	08:22:35	121.80	31.15	.00	157.00	1.00	08:25:38	121.79	31.17	3.06	0:03:03	14.15
54309.00	2007-02-20	18:07:51	121.80	31.15	.00	.00	1.00	18:43:25	121.43	31.22	50.63	0:35:34	172.27
54309.00	2007-02-20	22:43:19	121.80	31.15	.00	157.00	1.00	23:13:49	121.52	31.21	38.17	0:30:30	127.41
56503.00	2007-02-20	12:21:33	121.80	31.15	38.00	67.00	1.00	12:40:52	121.49	31.14	42.04	0:19:19	141.34
59162.00	2007-02-20	21:29:35	121.80	31.15	.00	90.00	1.00	21:36:42	121.74	31.19	10.15	0:07:07	31.88
6814.00	2007-02-20	12:42:13	121.79	31.17	66.00	157.00	1.00	12:52:23	121.74	31.18	6.25	0:10:10	22.13
694.00	2007-02-20	07:54:04	121.80	31.15	.00	112.00	1.00	08:37:47	121.41	31.19	52.33	0:43:43	178.39
694.00	2007-02-20	15:55:14	121.80	31.15	.00	135.00	1.00	16:25:26	121.40	31.14	53.20	0:30:12	181.52
694.00	2007-02-20	21:28:19	121.80	31.15	.00	135.00	1.00	22:18:09	121.49	31.31	48.58	0:49:50	164.89
6954.00	2007-02-20	01:55:35	121.80	31.15	.00	.00	1.00	02:15:46	121.43	31.18	49.96	0:20:11	219.51
70131.00	2007-02-20	16:40:00	121.80	31.15	.00	112.00	1.00	17:18:37	121.47	31.24	46.34	0:38:37	156.82
70151.00	2007-02-20	20:39:00	121.80	31.15	.00	90.00	1.00	22:00:19	121.56	31.25	35.54	1:21:19	117.94
70379.00	2007-02-20	15:54:17	121.80	31.15	.00	135.00	1.00	16:32:42	121.44	31.20	49.58	0:38:25	168.49
70390.00	2007-02-20	14:35:37	121.80	31.15	.00	112.00	1.00	14:45:47	121.69	31.17	15.28	0:10:10	45.01
70479.00	2007-02-20	19:35:18	121.80	31.15	.00	112.00	1.00	19:40:23	121.77	31.19	7.08	0:05:05	24.20
76344.00	2007-02-20	07:57:48	121.80	31.15	.00	135.00	1.00	08:09:59	121.64	31.18	21.61	0:12:11	67.80
76344.00	2007-02-20	15:04:02	121.80	31.15	.00	135.00	1.00	15:21:19	121.64	31.30	32.33	0:17:17	106.39
76344.00	2007-02-20	19:56:40	121.80	31.16	82.00	157.00	1.00	20:28:09	121.52	31.20	37.12	0:31:29	123.63
76344.00	2007-02-20	22:56:04	121.80	31.15	.00	112.00	1.00	23:28:33	121.44	31.19	48.43	0:32:29	164.35
76588.00	2007-02-20	21:58:21	121.80	31.15	.00	112.00	1.00	22:42:04	121.38	31.19	56.80	0:43:43	194.48
76698.00	2007-02-20	17:27:39	121.80	31.15	.00	90.00	1.00	17:57:47	121.51	31.20	39.27	0:30:08	131.37
80974.00	2007-02-20	18:09:18	121.80	31.15	.00	135.00	1.00	18:47:55	121.46	31.26	49.03	0:38:37	166.51
81034.00	2007-02-20	15:26:46	121.80	31.15	.00	135.00	1.00	15:30:50	121.80	31.17	2.93	0:04:04	14.00
81034.00	2007-02-20	15:39:59	121.80	31.15	.00	45.00	1.00	16:20:31	121.43	31.29	54.68	0:40:32	186.85
81574.00	2007-02-20	13:05:52	121.80	31.15	.00	135.00	1.00	13:54:40	121.36	31.18	59.47	0:48:48	204.09
81824.00	2007-02-20	17:16:57	121.80	31.15	.00	90.00	1.00	17:51:31	121.50	31.26	44.57	0:34:34	150.45
81824.00	2007-02-20	18:41:19	121.79	31.17	58.00	67.00	1.00	18:43:21	121.80	31.15	3.10	0:02:02	14.25
81824.00	2007-02-20	21:58:18	121.80	31.15	.00	112.00	1.00	22:15:35	121.63	31.16	22.41	0:17:17	70.68
82459.00	2007-02-20	18:24:49	121.80	31.15	.00	90.00	1.00	18:27:52	121.79	31.17	2.75	0:03:03	14.00
82464.00	2007-02-20	14:18:50	121.80	31.15	.00	157.00	1.00	14:27:59	121.72	31.18	11.71	0:09:09	35.78
82545.00	2007-02-20	17:20:13	121.80	31.15	.00	157.00	1.00	18:03:56	121.45	31.24	49.54	0:43:43	168.34
82791.00	2007-02-20	15:58:59	121.80	31.15	.00	135.00	1.00	16:22:09	121.64	31.32	33.82	0:23:10	111.75
83843.00	2007-02-20	09:54:55	121.80	31.15	14.00	45.00	1.00	10:14:42	121.76	31.22	11.84	0:19:47	36.10
83867.00	2007-02-20	13:55:41	121.80	31.15	.00	135.00	1.00	14:07:52	121.68	31.17	15.85	0:12:11	47.06
83876.00	2007-02-20	16:56:23	121.80	31.15	.00	112.00	1.00	17:36:54	121.40	31.22	54.90	0:40:31	187.64
83876.00	2007-02-20	21:50:27	121.80	31.16	88.00	.00	1.00	22:41:39	121.40	31.21	53.98	0:51:12	184.33
84121.00	2007-02-20	13:25:47	121.80	31.15	.00	135.00	1.00	13:32:54	121.79	31.17	3.29	0:07:07	14.73
84121.00	2007-02-20	13:52:45	121.80	31.15	.00	90.00	1.00	14:06:59	121.65	31.16	20.65	0:14:14	64.34
84122.00	2007-02-20	18:02:16	121.80	31.15	.00	112.00	1.00	18:41:42	121.40	31.21	54.86	0:39:26	187.50
84152.00	2007-02-20	11:11:12	121.80	31.15	.00	135.00	1.00	11:49:49	121.47	31.24	46.05	0:38:37	155.78
84239.00	2007-02-20	22:16:37	121.80	31.15	.00	.00	1.00	23:02:20	121.38	31.19	56.35	0:45:43	192.86
84257.00	2007-02-20	13:38:21	121.79	31.17	42.00	.00	1.00	13:48:40	121.75	31.14	6.82	0:10:19	23.55
84257.00	2007-02-20	14:22:00	121.80	31.15	.00	45.00	1.00	14:38:16	121.69	31.15	15.45	0:16:16	45.62
84257.00	2007-02-20	14:51:16	121.80	31.17	98.00	67.00	1.00	14:54:18	121.80	31.15	2.12	0:03:02	14.00
84257.00	2007-02-20	18:09:47	121.80	31.15	44.00	90.00	1.00	19:07:44	121.15	31.28	89.85	0:57:57	313.46
84303.00	2007-02-20	21:23:51	121.80	31.15	.00	135.00	1.00	21:24:12	121.46	31.26	49.05	0:00:21	166.58
84325.00	2007-02-20	00:53:22	121.80	31.15	.00	112.00	1.00	01:25:53	121.43	31.20	50.47	0:32:31	221.91
84325.00	2007-02-20	08:07:10	121.80	31.15	.00	.00	1.00	08:43:45	121.45	31.25	49.73	0:36:35	169.03
84390.00	2007-02-20	11:16:56	121.80	31.15	.00	135.00	1.00	11:51:30	121.41	31.21	53.83	0:34:34	183.79
84580.00	2007-02-20	12:13:12	121.80	31.15	.00	135.00	1.00	12:39:37	121.48	31.15	42.82	0:26:25	144.15
84671.00	2007-02-20	11:31:10	121.80	31.15	.00	135.00	1.00	11:33:13	121.79	31.17	2.90	0:02:03	14.00
84671.00	2007-02-20	22:30:33	121.80	31.15	.00	135.00	1.00	22:33:36	121.79	31.17	2.82	0:03:03	14.00
85244.00	2007-02-20	14:27:20	121.80	31.15	.00	135.00	1.00	14:51:44	121.62	31.16	23.70	0:24:24	75.32
85271.00	2007-02-20	17:30:44	121.80	31.15	.00	.00	1.00	18:06:17	121.42	31.21	51.89	0:35:33	176.80
85275.00	2007-02-20	13:30:49	121.80	31.15	.00	135.00	1.00	13:53:12	121.40	31.12	53.54	0:22:23	182.74
85275.00	2007-02-20	18:11:19	121.80	31.15	.00	135.00	1.00	18:48:56	121.44	31.32	55.34	0:37:37	189.22
85275.00	2007-02-20	22:18:29	121.80	31.15	.00	112.00	1.00	22:37:47	121.61	31.22	27.80	0:19:18	90.08
85537.00	2007-02-20	07:11:34	121.80	31.15	.00	112.00	1.00	07:48:31	121.40	31.20	54.20	0:36:57	185.12
85871.00	2007-02-20	05:05:24	121.77	31.16	.00	.00	1.00	07:02:48	121.80	31.15	4.58	1:57:24	17.95
85875.00	2007-02-20	12:24:50	121.78	31.17	10.00	45.00	1.00	12:30:56	121.80	31.15	4.17	0:06:06	16.93
85875.00	2007-02-20	16:41:12	121.80	31.15	20.00	157.00	1.00	17:16:47	121.43	31.19	50.49	0:35:35	171.76
86303.00	2007-02-20	22:20:29	121.80	31.16	88.00	157.00	1.00	23:10:55	121.38	31.31	61.35	0:50:26	210.86
86323.00	2007-02-20	10:48:10	121.80	31.15	.00	135.00	1.00	10:55:05	121.79	31.17	4.37	0:06:55	17.43
86323.00	2007-02-20	11:29:27	121.80	31.15	.00	45.00	1.00	12:01:58	121.51	31.21	39.78	0:32:31	133.21
86345.00	2007-02-20	16:03:04	121.80	31.16	100.00	.00	1.00	16:39:40	121.42	31.21	51.59	0:36:36	175.72
86354.00	2007-02-20	13:03:04	121.80	31.15	.00	135.00	1.00	14:38:26	121.46	31.21	46.50	1:35:22	157.40
86403.00	2007-02-20	18:57:51	121.80	31.15	.00	135.00	1.00	19:06:59	121.70	31.17	13.99	0:09:08	41.48
86774.00	2007-02-20	10:46:42	121.80	31.15	.00	112.00	1.00	11:20:58	121.48	31.22	45.03	0:34:16	152.11
87226.00	2007-02-20	07:57:41	121.80	31.15	.00	135.00	1.00	08:06:50	121.68	31.17	16.02	0:09:09	47.67
87226.00	2007-02-20	18:10:57	121.80	31.15	.00	135.00	1.00	18:45:31	121.43	31.17	50.04	0:34:34	170.14
87229.00	2007-02-20	12:25:33	121.80	31.15	.00	112.00	1.00	12:52:59	121.48	31.18	43.48	0:27:26	146.53
87231.00	2007-02-20	16:41:49	121.80	31.15	.00	112.00	1.00	18:06:10	120.95	31.42	122.42	1:24:21	430.71
87286.00	2007-02-20	15:58:02	121.79	31.17	92.00	157.00	1.00	16:05:09	121.77	31.21	8.15	0:07:07	26.88
87286.00	2007-02-20	16:22:41	121.80	31.16	72.00	.00	1.00	16:53:11	121.59	31.26	32.51	0:30:30	107.04
87304.00	2007-02-20	21:42:18	121.80	31.15	.00	112.00	1.00	21:52:27	121.67	31.16	17.51	0:10:09	53.04
87501.00	2007-02-20	06:51:14	121.79	31.17	66.00	67.00	1.00	06:54:17	121.80	31.15	3.52	0:03:03	15.30
87501.00	2007-02-20	11:33:03	121.80	31.15	.00	135.00	1.00	12:10:46	121.48	31.24	45.28	0:37:43	153.01
87635.00	2007-02-20	16:40:08	121.80	31.15	.00	135.00	1.00	17:13:40	121.39	31.12	56.07	0:33:32	191.85
87637.00	2007-02-20	11:28:07	121.80	31.15	.00	157.00	1.00	11:57:36	121.59	31.25	32.53	0:29:29	107.11
87637.00	2007-02-20	12:58:36	121.79	31.16	10.00	135.00	1.00	13:05:43	121.78	31.18	2.79	0:07:07	14.00
87637.00	2007-02-20	17:10:01	121.80	31.15	.00	112.00	1.00	17:43:34	121.52	31.06	40.21	0:33:33	134.76
87663.00	2007-02-20	18:28:57	121.80	31.15	54.00	.00	1.00	18:42:09	121.74	31.19	10.48	0:13:12	32.70
87682.00	2007-02-20	10:58:38	121.80	31.15	46.00	67.00	1.00	11:04:36	121.78	31.19	7.58	0:05:58	25.45
87682.00	2007-02-20	15:58:23	121.79	31.16	14.00	112.00	1.00	16:08:33	121.75	31.16	5.69	0:10:10	20.73
87740.00	2007-02-20	13:52:01	121.80	31.15	.00	135.00	1.00	14:08:17	121.54	31.14	34.77	0:16:16	115.17
88343.00	2007-02-20	19:10:21	121.80	31.15	.00	135.00	1.00	19:41:39	121.35	31.18	60.23	0:31:18	206.83
88374.00	2007-02-20	17:47:43	121.80	31.15	.00	112.00	1.00	18:24:18	121.57	31.24	34.02	0:36:35	112.47
88697.00	2007-02-20	11:07:35	121.80	31.15	.00	135.00	1.00	11:42:09	121.45	31.25	49.65	0:34:34	168.74
88932.00	2007-02-20	12:58:43	121.80	31.15	.00	135.00	1.00	13:37:11	121.43	31.25	52.48	0:38:28	178.93
88932.00	2007-02-20	19:00:22	121.80	31.15	.00	135.00	1.00	19:33:56	121.48	31.23	44.87	0:33:34	151.53
89256.00	2007-02-20	15:04:36	121.80	31.15	.00	135.00	1.00	15:42:13	121.43	31.15	50.15	0:37:37	170.54
89284.00	2007-02-20	17:47:10	121.80	31.15	.00	135.00	1.00	18:22:45	121.34	31.15	61.59	0:35:35	211.72
89291.00	2007-02-20	11:13:36	121.80	31.16	90.00	157.00	1.00	11:28:50	121.67	31.20	17.70	0:15:14	53.72
89291.00	2007-02-20	11:57:09	121.80	31.15	.00	22.00	1.00	12:34:46	121.47	31.23	46.02	0:37:37	155.67
89439.00	2007-02-20	11:31:33	121.80	31.15	.00	90.00	1.00	12:09:10	121.52	31.23	39.42	0:37:37	131.91
89445.00	2007-02-20	20:12:54	121.80	31.15	.00	135.00	1.00	20:42:23	121.53	31.23	38.45	0:29:29	128.42
89510.00	2007-02-20	22:15:03	121.80	31.15	.00	135.00	1.00	23:00:44	121.35	31.26	62.82	0:45:41	216.15