89471	7:28:36	121.7988	31.151	32	90	0	8:55:25	121.5736	31.3473	43.23116793
85206	20:01:59	121.7998	31.152	10	90	0	21:25:51	121.3468	31.1948	61.31084183
84697	17:40:37	121.7998	31.1511	56	90	0	18:59:37	121.424	31.1556	50.57064715
84303	19:14:27	121.8005	31.15	0	135	0	20:33:10	121.4433	31.1921	48.50776159
84961	8:13:11	121.8008	31.1491	42	90	0	9:27:59	121.3888	31.1981	55.95762355
20162	19:47:19	121.8005	31.1491	50	90	0	21:01:14	121.4851	31.249	45.23287593
87682	6:01:07	121.8	31.1501	42	90	0	7:11:42	121.6793	31.2361	21.12768168
81454	20:48:26	121.8006	31.1496	0	112	0	21:58:43	121.4695	31.223	46.00659099
87682	21:45:29	121.7996	31.151	52	90	0	22:51:44	121.6931	31.1971	16.05613558
33859	7:42:52	121.7983	31.1501	20	90	0	8:48:17	121.5141	31.223	39.90849331
84154	7:52:49	121.7998	31.1516	42	67	0	8:58:08	121.5381	31.1798	35.48649829
70133	15:16:42	121.7903	31.1726	64	67	0	16:14:45	121.498	31.1865	39.38019306
85244	9:27:33	121.7995	31.1521	8	45	0	10:23:43	121.3423	31.1965	61.89975425
6534	7:46:37	121.7996	31.1536	36	22	0	8:42:30	121.2465	31.0085	77.8947045
84227	13:13:40	121.7996	31.1528	12	67	0	14:08:02	121.5731	31.2706	35.64735929
88644	21:52:08	121.7998	31.1525	30	67	0	22:46:20	121.3421	31.1963	61.95596653
54221	7:12:22	121.799	31.1491	0	90	0	8:05:24	121.5783	31.255	34.03238894
29458	8:05:39	121.7996	31.1513	44	90	0	8:56:58	121.5071	31.1548	39.36126081
6954	1:25:13	121.8005	31.1498	0	0	0	2:15:46	121.4311	31.182	49.9551744
84183	18:09:44	121.8	31.152	26	67	0	18:59:25	121.4898	31.2555	44.7783545
87627	6:56:27	121.8005	31.1513	68	67	0	7:44:26	121.554	31.2041	34.18265677
87061	14:16:47	121.7996	31.1511	0	112	0	15:03:33	121.5703	31.2421	33.99676925
87286	8:04:39	121.8006	31.1516	0	45	0	8:50:56	121.506	31.24	41.9892162
84621	10:28:40	121.8006	31.1496	0	90	0	11:13:32	121.4385	31.2166	49.83316567
82753	14:55:48	121.7998	31.1526	0	45	0	15:40:21	121.5326	31.2661	40.11928509
25087	9:38:21	121.7988	31.1535	8	90	0	10:22:47	121.4225	31.1696	50.69183791
85871	8:34:18	121.8005	31.15	0	0	0	9:18:44	121.4945	31.2131	42.34029535
2746	10:31:17	121.7988	31.1535	0	90	0	11:15:27	121.5316	31.3023	42.87129222
32931	0:00:18	121.7998	31.1533	0	135	0	0:43:44	121.7828	31.1833	5.242111961
87682	7:30:09	121.7991	31.1513	38	90	0	8:13:13	121.6815	31.238	20.8805122
84257	14:50:25	121.7901	31.173	74	67	0	15:33:16	121.472	31.2011	43.01416828
87917	7:34:12	121.8001	31.1505	12	90	0	8:16:52	121.5831	31.2136	30.82953307
85767	8:46:03	121.8006	31.1518	0	67	0	9:28:33	121.5131	31.3025	45.33858666
54244	23:01:23	121.799	31.1533	0	90	0	23:43:44	121.474	31.2306	45.37067367
40074	7:00:49	121.7998	31.1518	50	67	0	7:43:04	121.5353	31.201	36.41229687
70355	17:03:19	121.7998	31.1525	16	67	0	17:45:30	121.5043	31.3001	46.01158023
70170	10:26:04	121.7971	31.1541	0	112	0	11:08:02	121.3543	31.1845	59.76227807
85301	6:46:27	121.8016	31.1493	0	90	0	7:28:22	121.5891	31.2571	33.22610416
70494	13:12:51	121.8021	31.1466	60	67	0	13:54:10	121.4903	31.0605	44.10516732
22842	6:37:40	121.7988	31.1535	0	67	0	7:18:56	121.5958	31.257	31.78192273
89322	12:18:00	121.8003	31.1518	0	67	0	12:58:23	121.5571	31.1916	33.31047249
54292	0:00:54	121.8008	31.15	0	135	0	0:40:46	121.7863	31.179	4.959453096
87072	7:14:15	121.7995	31.1508	26	90	0	7:53:12	121.6415	31.2663	27.95054284
32931	20:00:20	121.79	31.173	80	67	0	20:39:10	121.7731	31.1883	3.309829104
82447	9:00:35	121.8008	31.1515	0	157	0	9:39:07	121.5433	31.2796	40.05698432
84303	16:41:02	121.8015	31.15	0	45	0	17:19:14	121.4746	31.2116	45.02721751
83987	12:32:49	121.8006	31.1516	12	67	0	13:10:19	121.701	31.1918	14.81504063
7394	7:54:57	121.799	31.1525	10	90	0	8:32:22	121.5746	31.1523	30.19442757
24529	21:04:12	121.7998	31.1506	0	135	0	21:41:09	121.5148	31.2256	40.10681163
35257	11:03:37	121.7743	31.1711	84	45	0	11:40:26	121.7695	31.1885	2.810957781
85827	6:37:59	121.799	31.153	4	112	0	7:14:04	121.5935	31.2566	32.0792662
81454	12:35:34	121.8005	31.1498	0	0	0	13:11:12	121.7788	31.1866	6.480831355
34458	7:11:43	121.7993	31.1496	40	90	0	7:46:47	121.5341	31.1746	35.89650983
87765	11:18:41	121.8011	31.1506	16	45	0	11:52:23	121.5036	31.1441	40.04563989
87424	10:49:28	121.8	31.151	0	135	0	11:22:52	121.5938	31.2506	31.84749664
81463	15:20:34	121.8001	31.1513	0	90	0	15:53:56	121.6935	31.1931	15.77495871
87692	15:08:39	121.8005	31.15	0	112	0	15:41:52	121.5031	31.149	40.01854176
96057	20:30:31	121.7998	31.1511	40	90	0	21:02:52	121.5976	31.24	30.57674224
88734	14:24:50	121.7993	31.1525	0	90	0	14:56:46	121.4951	31.145	40.95054826
85246	17:07:22	121.7998	31.1533	14	157	0	17:37:22	121.5583	31.1673	32.56708784
16531	7:49:20	121.7903	31.1725	88	67	0	8:19:17	121.7136	31.2403	14.8333976
87039	18:00:20	121.7996	31.1513	0	90	0	18:29:49	121.6326	31.227	25.42072498
89007	9:23:28	121.7995	31.1526	2	45	0	9:52:28	121.5616	31.1716	32.1467497
84303	17:51:26	121.7745	31.1636	0	135	0	18:20:16	121.4751	31.212	40.98377027
20125	9:27:46	121.7995	31.152	26	90	0	9:56:28	121.585	31.13	29.07228997
89313	10:24:30	121.7995	31.1528	20	67	0	10:52:59	121.5233	31.1453	37.18443538
84257	13:58:39	121.7663	31.1603	60	22	0	14:27:05	121.7878	31.1768	3.885446244
84474	18:13:12	121.7993	31.1498	22	90	0	18:41:38	121.5563	31.186	33.18357707
84303	18:45:59	121.8005	31.15	0	135	0	19:14:23	121.4791	31.2286	44.96127452
87746	15:02:09	121.799	31.1535	0	22	0	15:29:50	121.6508	31.2121	21.96107738
54244	21:52:54	121.7993	31.1491	0	112	0	22:20:11	121.5316	31.2013	36.93544253
49984	9:55:27	121.8018	31.1526	26	45	0	10:21:59	121.5203	31.1598	37.89296162
88903	11:44:34	121.7996	31.1525	0	67	0	12:10:23	121.6586	31.1963	20.1794906
81532	6:14:02	121.7998	31.149	32	90	0	6:38:49	121.6538	31.2685	27.1753386
84013	11:27:43	121.8003	31.1513	0	67	0	11:52:10	121.695	31.1898	15.40519572
89527	10:11:47	121.7996	31.1526	28	67	0	10:35:34	121.6838	31.2263	19.4132501
105	15:12:28	121.8008	31.1505	6	45	0	15:36:13	121.6861	31.1943	16.89737961
35445	6:40:32	121.7995	31.1523	22	90	0	7:04:17	121.7016	31.2026	15.36178137
87316	12:32:13	121.7996	31.153	0	67	0	12:55:56	121.681	31.1916	17.07032636
87682	15:43:58	121.8008	31.1485	48	90	0	16:07:32	121.76	31.1585	5.710547289
87106	8:46:32	121.8	31.1515	0	135	0	9:09:53	121.6781	31.2356	21.0630733
4515	10:09:56	121.7991	31.1531	10	45	0	10:33:10	121.6931	31.1968	15.82861039
81454	11:34:34	121.8005	31.1498	0	0	0	11:57:48	121.3815	31.2566	58.79761093
87048	22:29:42	121.7993	31.1528	4	45	0	22:52:36	121.6936	31.195	15.6912315
34872	15:54:46	121.7991	31.153	0	67	0	16:17:13	121.6905	31.202	16.51594452
85262	8:20:43	121.8008	31.1486	40	90	0	8:43:06	121.6353	31.2273	25.46867889
87037	21:09:17	121.7696	31.1666	22	0	0	21:31:37	121.6586	31.2315	18.08265353
82614	17:44:48	121.8003	31.1513	48	67	0	18:06:32	121.6916	31.203	16.72999275
84160	9:43:11	121.7995	31.1528	12	67	0	10:04:06	121.6955	31.202	15.98641331
87061	19:56:16	121.7998	31.1526	0	90	0	20:16:44	121.6996	31.2021	15.564574
35410	18:18:17	121.7995	31.152	0	112	0	18:38:39	121.6998	31.1966	15.13473484
81454	9:50:05	121.8005	31.1498	0	135	0	10:09:55	121.3918	31.3228	61.30870494
1934	22:16:02	121.7998	31.1526	0	67	0	22:35:35	121.6951	31.202	16.08405884
99780	14:04:10	121.7998	31.1526	20	45	0	14:23:41	121.7205	31.2361	16.91498421
87663	18:13:35	121.8008	31.1526	32	22	0	18:33:00	121.782	31.1841	5.561166834
84257	17:54:30	121.7915	31.171	54	67	0	18:13:50	121.7868	31.1781	1.282947488
87035	11:03:09	121.7996	31.1523	0	67	0	11:22:12	121.7355	31.1915	10.59945506
35257	5:23:54	121.7926	31.1691	56	67	0	5:42:46	121.6991	31.1735	12.59750732
87531	10:59:12	121.8001	31.1508	0	90	0	11:17:35	121.7095	31.205	14.87135813
87294	5:49:29	121.7903	31.1725	110	67	0	6:07:52	121.6931	31.1971	13.63451372
35834	22:48:27	121.789	31.1743	52	67	0	23:06:25	121.7871	31.1776	0.578395459
84013	10:01:43	121.8021	31.1495	0	67	0	10:19:05	121.7313	31.1978	12.18141032
82541	16:58:45	121.7998	31.1516	0	135	0	17:16:02	121.7001	31.1903	14.72831366
86323	11:16:33	121.789	31.1658	32	135	0	11:33:30	121.7881	31.1765	1.686708224
89142	13:50:21	121.7998	31.1538	6	22	0	14:07:12	121.7163	31.1928	12.79767149
61490	11:13:34	121.7995	31.1528	0	45	0	11:29:46	121.6948	31.1905	15.28162435
81454	9:29:45	121.8005	31.1498	0	135	0	9:45:10	121.3995	31.2815	57.76032196
1934	14:31:52	121.7988	31.1535	4	112	0	14:47:17	121.7125	31.1935	13.20367446
24817	6:30:59	121.7746	31.1663	8	45	0	6:45:56	121.7038	31.1821	9.843036466
89291	11:47:36	121.7898	31.1733	96	67	0	12:02:13	121.7826	31.1836	1.886990747
85791	8:07:36	121.8011	31.1486	0	90	0	8:22:06	121.7223	31.2195	15.38238169
84276	7:40:20	121.7991	31.1531	22	67	0	7:54:43	121.7391	31.1853	9.528280326
81454	22:14:51	121.8006	31.1496	0	112	0	22:29:10	121.7848	31.1811	5.389634246
87239	11:21:51	121.7998	31.1525	0	67	0	11:35:57	121.7211	31.2221	15.22529752
87604	12:40:25	121.799	31.1531	14	90	0	12:54:22	121.7286	31.2063	12.635198
85532	23:39:59	121.8006	31.1663	0	0	0	23:53:28	121.7011	31.1913	13.94985979
88537	10:02:25	121.8008	31.1485	52	90	0	10:14:57	121.7098	31.193	14.10058895
6814	12:34:50	121.8	31.1525	0	67	0	12:47:18	121.7586	31.1726	6.404126659
87205	10:09:28	121.8008	31.1525	26	45	0	10:21:44	121.7343	31.1986	11.51368837
81454	18:14:06	121.8005	31.1496	0	112	0	18:25:50	121.4105	31.2211	53.6496949
82459	18:18:52	121.789	31.1743	58	67	0	18:30:30	121.7511	31.1893	5.617193805
82604	17:45:42	121.799	31.1531	40	90	0	17:56:52	121.7821	31.1841	5.378321197
87682	10:52:35	121.8001	31.152	0	22	0	11:03:35	121.7823	31.1838	5.543794014
87316	12:15:25	121.8	31.1521	22	67	0	12:26:15	121.7646	31.1971	8.528695147
35410	19:46:19	121.769	31.1595	0	22	0	19:57:01	121.711	31.1625	7.817795348
86323	12:29:40	121.7905	31.1725	102	67	0	12:40:17	121.7761	31.1883	3.15015896
86307	10:22:32	121.7993	31.1526	22	90	0	10:33:03	121.7493	31.199	9.922940169
20156	12:13:02	121.7903	31.1728	74	67	0	12:23:30	121.7868	31.1781	0.957131249
87637	12:51:44	121.801	31.1516	28	67	0	13:01:39	121.7875	31.1753	4.145426539
84303	21:02:12	121.8005	31.15	0	135	0	21:12:01	121.4861	31.2368	44.43391784
81454	7:57:13	121.7846	31.1741	46	135	0	8:06:46	121.3665	31.251	57.50760842
54221	16:04:49	121.7991	31.153	0	67	0	16:14:16	121.7665	31.1941	7.809756894
5194	7:20:16	121.7913	31.1711	66	67	0	7:29:14	121.7825	31.1836	2.294345791
84169	10:41:36	121.802	31.1508	0	157	0	10:50:14	121.7371	31.1883	10.53548979
84303	22:53:34	121.7856	31.1745	36	112	0	23:01:49	121.4751	31.2106	42.14593897
87286	16:16:37	121.7918	31.1703	72	67	0	16:24:43	121.7868	31.178	1.384970742
83843	9:53:09	121.7983	31.1533	0	0	0	10:01:00	121.7653	31.191	7.405705012
84257	13:35:54	121.788	31.1743	46	67	0	13:43:26	121.7588	31.1671	4.088147656
84520	1:04:37	121.769	31.1595	0	45	0	1:11:50	121.7411	31.1795	4.896609271
56503	12:18:31	121.7908	31.1718	66	67	0	12:25:37	121.7855	31.18	1.473288256
56503	7:06:12	121.766	31.1686	96	45	0	7:13:10	121.7695	31.1756	1.197094512
85244	14:25:55	121.7981	31.153	0	135	0	14:32:25	121.78	31.186	5.731553008
3701	10:23:09	121.7988	31.1535	24	90	0	10:29:21	121.7846	31.181	4.72704958
