381 167 869 444 839 443 158 
290 84 873 341 879 473 173 
381 175 877 451 956 554 113 
416 245 870 436 871 521 163 
330 84 886 512 904 389 118 
393 101 866 459 910 499 184 
368 75 877 418 953 494 155 
321 90 883 323 834 426 154 
358 119 863 369 885 430 142 
355 132 876 394 877 532 87 
366 95 874 333 900 365 145 
360 91 879 426 863 459 121 
401 136 875 438 905 519 125 
338 123 866 416 783 498 132 
334 66 884 389 747 514 139 
369 140 887 355 892 413 132 
390 86 881 439 899 534 142 
352 137 882 463 915 375 101 
343 138 882 425 907 504 144 
363 109 869 440 866 475 162 
332 91 867 428 869 387 163 
331 114 863 413 827 430 176 
326 148 876 412 822 499 166 
343 80 871 343 882 424 134 
370 111 870 438 766 550 133 
358 129 879 334 889 405 152 
382 126 874 457 846 548 153 
384 122 877 425 934 488 84 
390 74 872 469 824 532 126 
349 101 872 369 852 517 117 
385 120 875 467 838 562 151 
351 70 867 450 842 507 123 
353 56 870 316 837 519 114 
325 90 874 243 767 390 138 
389 121 856 434 851 531 164 
337 70 877 420 760 540 131 
375 138 877 426 885 474 154 
382 80 865 371 870 478 111 
407 198 884 459 827 551 130 
404 58 856 407 844 491 146 
346 107 875 446 840 518 157 
309 75 885 436 830 489 159 
335 96 872 434 909 508 166 
362 162 865 464 872 515 153 
365 97 881 442 873 451 151 
367 124 880 377 808 507 150 
357 101 869 435 804 522 146 
340 92 878 425 856 550 102 
337 56 888 359 875 493 152 
368 122 866 433 880 514 168 
377 135 868 472 924 344 108 
352 133 873 365 810 399 118 
357 72 877 424 809 552 143 
364 119 875 416 861 484 166 
377 177 871 433 934 554 110 
340 85 868 421 893 383 147 
391 97 885 461 849 550 151 
381 99 874 389 970 399 146 
408 215 875 407 921 465 119 
350 124 860 372 797 276 131 
340 122 882 410 937 521 142 
380 94 874 427 854 450 169 
435 81 865 379 830 475 162 
333 101 877 281 819 421 79 
381 120 886 459 879 531 156 
347 126 887 476 819 368 146 
341 188 869 430 898 537 155 
364 83 873 425 795 495 105 
369 114 877 495 884 369 103 
389 101 876 389 855 508 98 
384 100 871 391 832 541 95 
373 93 895 483 801 332 163 
323 96 870 330 886 447 159 
367 102 869 394 885 512 162 
343 184 874 440 866 511 130 
348 171 854 494 886 428 162 
356 183 884 407 933 423 138 
327 141 876 430 821 404 149 
335 106 859 353 872 523 118 
346 70 865 353 845 483 82 
393 85 876 433 835 513 88 
389 104 880 431 801 526 124 
414 112 868 419 858 437 162 
335 101 878 270 911 374 155 
339 81 868 369 877 434 135 
344 112 859 484 830 407 146 
320 108 863 437 890 543 151 
406 120 874 426 808 551 159 
364 209 877 377 797 478 150 
348 108 876 411 883 547 132 
333 178 881 529 787 337 168 
390 127 875 418 817 469 145 
352 152 862 347 805 339 115 
341 61 871 421 808 539 137 
388 101 880 441 903 520 75 
330 81 855 475 823 396 153 
342 72 890 429 831 497 150 
374 181 881 412 951 506 158 
399 59 881 423 830 479 168 
312 76 868 232 845 382 148 
347 105 880 472 781 385 122 
429 81 874 335 866 400 166 
323 154 884 438 808 379 158 
381 107 886 406 907 502 155 
390 105 876 430 900 491 134 
351 138 861 489 940 393 165 
325 94 897 391 738 525 93 
341 52 879 367 823 429 153 
398 120 865 396 799 533 145 
357 161 863 409 921 521 155 
