2795 2807 3150 887 1850 2013 
3050 3029 3273 890 2373 2651 
3016 3119 3349 898 1808 2519 
2630 3327 3177 884 2285 2572 
2590 2812 3320 895 2407 2614 
2678 2837 3193 884 2425 2208 
3029 2676 3214 883 2495 2987 
2687 2951 3161 890 1775 1958 
2957 3035 3364 879 2379 2724 
2571 2385 3301 899 2445 2480 
2832 2434 3095 879 2509 2340 
2653 2576 3306 884 2376 1993 
3124 2974 3258 878 2483 2817 
2761 3067 3302 871 2441 2651 
2506 2182 3209 889 2544 1972 
2592 2810 3296 893 2484 2809 
2615 2116 3139 884 2395 2117 
2820 3183 3177 892 1859 2168 
2782 2703 3237 885 2437 2758 
2662 2892 3323 882 2373 2474 
2569 3140 3238 878 1833 2520 
2661 2338 3203 878 2477 2456 
2739 2852 3135 892 1742 1772 
2666 2616 3287 885 2417 2225 
2511 2392 3147 888 2512 2207 
3016 2875 3287 886 2449 2379 
2544 3336 3279 881 2348 2598 
2535 3123 3284 883 2467 2333 
2526 2844 3191 894 2199 2922 
2438 3230 3123 903 2476 2827 
2557 3133 3133 875 2489 2683 
2690 2859 3239 903 2438 2111 
2765 2720 3142 881 1753 1596 
2635 2246 3260 892 2481 2119 
2601 2837 3211 890 2353 2429 
3120 2737 3086 886 2477 2180 
2618 3291 3263 897 2528 2620 
2897 2669 3258 897 2475 2346 
2468 2815 3231 882 2432 2538 
2716 2730 3376 881 2387 2323 
2850 3139 3298 888 2497 2642 
2655 3280 3109 880 2500 2575 
2439 2452 3292 894 2447 2531 
2671 2601 3286 880 2418 2819 
2541 2478 3253 893 2468 2561 
2541 3253 3097 886 2458 2830 
2739 3079 3230 889 2450 2361 
3021 3201 3110 887 2525 2703 
2725 3025 3424 883 2442 2389 
2867 2477 3305 896 2506 2482 
2913 2624 3332 886 2416 2765 
2807 3041 3275 882 1735 1970 
2502 2821 3321 892 2397 2262 
2921 2164 3063 884 1831 1988 
2625 2742 3257 873 1859 1911 
2672 2744 3124 889 2439 1994 
2894 3145 3298 866 2500 2672 
2716 2866 3147 900 2320 2284 
2993 3460 3163 879 2333 2791 
2686 2809 3163 889 1861 2210 
2875 2365 3202 881 2393 2898 
2492 2857 3349 891 2501 2585 
2852 2515 3233 897 1843 2372 
3023 2352 3151 890 1730 1982 
2640 2484 3232 876 2414 2569 
2648 2565 3224 885 2477 2579 
2708 2912 3262 887 2560 1916 
2490 2879 3420 886 2382 2173 
3032 2260 3120 890 2460 2569 
2523 2600 3293 891 2406 2865 
2752 2444 3200 891 2462 2582 
2683 2836 3254 887 2506 2685 
2894 2781 3058 887 1863 1960 
2888 3105 3291 901 2451 2843 
2873 2631 3261 884 2481 2109 
2709 3256 3210 880 2526 2866 
3023 2916 3153 885 2506 2480 
2962 2648 3237 903 2393 2301 
2924 2656 3372 883 2452 2496 
2675 2620 3355 889 2377 2671 
2695 2515 3209 894 2373 2427 
2809 2901 3187 887 2458 2549 
2927 3097 3174 888 2504 2182 
2842 2773 3152 879 1852 2448 
2784 3186 3168 890 2453 2837 
2849 2502 3207 880 1780 2165 
2871 2575 3383 905 2567 2775 
2760 3132 3333 890 2698 2271 
2857 2638 3284 886 1774 2166 
2923 3077 3345 877 2308 2388 
3020 2696 3282 887 2298 1909 
2461 2460 3325 894 2465 2515 
2921 2563 3121 886 2450 2061 
2639 2735 3257 889 1664 1668 
2727 2818 3423 884 2452 2204 
2646 3014 3294 885 2515 2344 
2591 2855 3338 892 2343 2390 
2797 2686 3176 885 2573 2914 
2699 2342 3297 886 2368 2382 
2808 3368 3230 882 2469 2471 
2765 2661 3169 885 2547 2243 
2884 3268 3352 902 1877 2571 
2658 2615 3330 876 2400 2572 
2400 2525 3321 890 1933 1819 
2811 2534 3175 891 2601 2530 
2695 3386 3291 898 1817 2557 
2582 3335 3221 879 1816 2616 
2626 2703 3192 894 2382 2462 
2684 3090 3292 881 2370 2693 
2798 3148 3097 879 2414 2564 
2568 2152 3334 889 2428 1963 
2798 2761 3365 887 2477 2220 
2768 2312 3045 887 1902 1940 
2392 2894 3308 879 2521 2192 
2443 2761 3268 880 2490 2814 
2609 2318 3123 890 2467 2408 
2515 2719 3221 887 2344 2225 
2798 2317 3230 884 2451 2388 
3033 2283 3166 885 2430 2276 
2522 2830 3072 883 1850 1875 
2712 2285 3270 893 1942 1947 
2897 3092 3373 892 2409 2727 
2752 3080 3168 889 2330 2222 
2692 2572 3086 874 2391 2484 
2804 3283 3252 875 2327 2960 
2538 2676 3377 896 2497 2120 
2424 3121 3337 886 2281 2472 
3034 2856 3194 890 2532 2264 
2711 3145 3245 882 2422 2595 
2668 3030 3241 885 2440 2787 
2575 3046 3286 879 2350 2462 
2525 3021 3172 888 1791 2002 
2830 3159 3096 872 2532 2576 
2598 3198 3134 881 2329 2253 
2893 2941 3517 889 2538 2139 
2803 2263 3317 892 2457 2463 
2843 3081 3137 882 1708 1962 
2574 3446 3205 885 2440 2703 
2653 2527 3327 885 2511 2253 
2730 3186 3164 889 1841 2451 
2979 3035 3079 888 2395 2672 
2485 3075 3382 902 2360 2478 
3015 3119 3074 885 2482 2602 
2892 2739 3075 891 2430 2257 
2624 2439 3344 880 2489 2176 
2680 2834 3150 894 2662 2020 
2712 2626 3351 899 2470 2768 
2954 2831 3027 893 2484 2754 
2618 2660 3407 879 2417 2885 
2639 2767 3251 879 1766 2445 
