1243 1203 
1204 1198 
1179 1167 
1106 1191 
1226 1141 
1248 1156 
1223 1144 
1238 1194 
1232 1199 
1270 1138 
1206 1175 
1208 1162 
1163 1190 
1246 1150 
1226 1204 
1256 1140 
1241 1208 
1211 1203 
1256 1171 
1218 1209 
1169 1171 
1274 1167 
1195 1146 
1163 1213 
1219 1156 
1312 1161 
1236 1171 
1182 1130 
1195 1187 
1244 1186 
1269 1135 
1220 1158 
1214 1153 
1220 1175 
1206 1164 
1252 1137 
1201 1138 
1215 1134 
1161 1201 
1183 1196 
1273 1178 
1263 1171 
1212 1176 
1281 1181 
1309 1173 
1166 1137 
1223 1205 
1279 1156 
1254 1153 
1271 1149 
1264 1142 
1200 1220 
1205 1150 
1196 1184 
1162 1187 
1229 1160 
1269 1185 
1203 1242 
1196 1198 
1243 1155 
1205 1156 
1234 1147 
1160 1180 
1234 1169 
1216 1195 
1264 1207 
1190 1165 
1207 1184 
1271 1134 
1238 1210 
1259 1187 
1248 1150 
1173 1156 
1213 1181 
1224 1159 
1203 1171 
1171 1115 
1209 1126 
1206 1186 
1258 1164 
1137 1121 
1205 1174 
1227 1185 
1191 1138 
1146 1225 
1230 1172 
1295 1115 
1235 1221 
1172 1166 
1117 1188 
1231 1125 
1234 1211 
1204 1188 
1212 1201 
1161 1179 
1196 1176 
1226 1160 
1196 1184 
1262 1150 
1221 1179 
1290 1122 
1278 1209 
1212 1145 
1251 1175 
1272 1128 
1220 1180 
1214 1142 
1222 1215 
1238 1174 
1179 1185 
1195 1189 
