1242 1399 415 713 1411 888 1457 708 803 
1235 1400 446 720 1153 894 2085 711 804 
1211 1411 411 718 1113 897 2105 707 993 
1233 1417 546 712 1185 869 2103 717 831 
1233 1335 371 712 1162 841 2095 701 892 
1192 1393 413 713 1115 878 2090 698 886 
1212 1398 484 718 1150 902 2088 704 1027 
1239 1396 444 717 1411 907 1546 705 1033 
1218 1377 493 716 1169 896 2085 720 1010 
1205 1396 467 720 1148 893 2084 699 964 
1205 1394 437 716 1140 902 2096 697 995 
1211 1396 538 714 1116 899 2102 693 962 
1226 1399 376 722 1170 885 2098 691 857 
1152 1406 388 716 1116 886 2106 692 836 
1227 1376 464 712 1116 888 2086 700 851 
1234 1388 430 718 1086 859 2102 709 1004 
1232 1392 376 716 1115 894 2093 693 933 
1227 1316 468 713 1158 880 2088 729 1024 
1233 1408 404 721 1146 888 2087 713 996 
1217 1381 485 719 1160 901 2091 704 748 
1216 1401 541 720 1177 890 2090 723 1020 
1203 1380 447 713 1413 888 1485 693 1059 
1209 1398 451 712 1162 859 2088 699 1032 
1233 1407 432 714 1417 892 1493 716 1027 
1220 1402 550 722 1167 889 2102 704 832 
1228 1396 447 713 1075 869 2090 713 1059 
1210 1388 402 720 1187 892 2090 711 873 
1210 1366 459 714 1132 892 2102 704 801 
1231 1403 458 712 1142 892 2088 705 980 
1219 1403 476 720 1153 897 2085 691 1043 
1149 1392 385 712 1417 884 1606 729 796 
1218 1390 449 713 1411 874 1567 702 1024 
1218 1382 452 717 1158 864 2091 703 985 
1186 1406 505 715 1159 899 2097 707 804 
1245 1352 429 715 1157 881 2100 691 986 
1227 1395 488 717 1152 895 2089 695 1006 
1233 1397 410 719 1141 872 2090 715 810 
1195 1382 427 713 1131 884 2101 714 882 
1222 1391 449 716 1088 862 2090 698 1056 
1224 1385 453 714 1099 855 2084 698 990 
1225 1398 496 712 1421 885 1469 725 870 
1240 1394 457 718 1155 869 2087 721 858 
1232 1388 521 723 1127 904 2106 717 983 
1222 1389 442 715 1164 877 2103 703 880 
1226 1401 539 722 1152 885 2090 714 1064 
1221 1389 466 718 1140 896 2086 705 1044 
1214 1381 474 716 1412 898 1451 715 809 
1222 1388 446 715 1140 881 2086 704 900 
1226 1411 319 717 1130 898 2097 711 843 
1209 1391 361 720 1146 893 2090 724 995 
1172 1403 488 712 1123 886 2093 700 785 
1218 1386 449 714 1094 877 2086 715 844 
1204 1395 444 715 1099 892 2089 709 799 
1224 1384 449 716 1163 890 2085 714 1031 
1218 1384 311 717 1162 895 2093 706 940 
1215 1398 459 713 1412 865 1466 699 1014 
1214 1377 407 712 1142 893 2101 709 791 
1212 1395 449 713 1414 902 1448 703 852 
1215 1383 473 716 1142 884 2093 696 1044 
1244 1387 465 715 1163 844 2092 702 916 
1218 1407 486 712 1158 885 2086 711 1009 
1247 1384 409 718 1145 861 2099 707 1023 
1219 1391 505 713 1416 868 1395 715 917 
1223 1392 517 714 1135 891 2089 711 925 
1211 1326 519 712 1417 881 1517 719 1020 
1225 1402 515 713 1120 900 2086 694 1036 
1228 1345 493 714 1170 883 2095 709 983 
1208 1391 451 718 1116 866 2091 719 1065 
1212 1384 391 716 1165 887 2091 709 826 
1248 1399 380 714 1135 856 2095 703 854 
1218 1404 471 715 1124 884 2085 688 1066 
1224 1381 392 714 1112 893 2097 707 963 
1232 1380 370 712 1149 895 2094 730 833 
1185 1390 416 722 1169 890 2100 710 871 
1220 1380 493 720 1178 894 2086 707 814 
1217 1382 418 715 1170 882 2084 719 1037 
1220 1399 380 713 1122 885 2096 706 1055 
1213 1407 419 718 1150 884 2096 706 1033 
1216 1384 498 720 1175 893 2094 712 824 
1241 1381 368 712 1154 901 2097 720 949 
1238 1403 481 714 1166 900 2096 700 935 
1229 1406 465 713 1151 892 2097 700 880 
1231 1410 514 717 1147 873 2086 716 840 
1206 1394 476 714 1107 883 2088 707 886 
1241 1383 548 712 1418 895 1499 691 838 
1217 1389 455 718 1413 894 1528 710 973 
1204 1408 483 716 1137 894 2094 710 968 
1229 1378 396 716 1092 896 2086 689 1022 
1233 1389 448 717 1173 894 2104 715 996 
1218 1403 454 712 1146 889 2095 703 838 
1221 1393 410 713 1150 890 2088 707 871 
1224 1385 373 712 1156 890 2098 692 1054 
1233 1385 433 716 1420 894 1551 713 992 
1220 1413 480 713 1406 890 1458 701 989 
1223 1381 529 715 1162 904 2091 687 1028 
1214 1374 369 715 1156 885 2107 703 994 
1204 1389 460 715 1142 899 2093 702 1003 
1237 1403 439 715 1411 899 1322 712 904 
1230 1377 391 712 1142 863 2084 724 1055 
1233 1392 337 713 1150 888 2091 694 953 
823 1216 446 692 878 559 2035 0 0 
868 1137 416 669 1415 691 1447 0 0 
719 1102 418 684 833 708 2036 0 0 
852 1190 377 695 859 892 2050 0 0 
942 1178 364 671 868 679 2046 0 0 
767 1108 451 689 873 847 2038 0 0 
834 1316 451 681 894 534 2036 0 0 
778 1189 404 671 1416 704 1466 0 0 
877 1258 403 697 848 581 2039 0 0 
749 1107 530 688 1414 784 1450 0 0 
