4.596079e+02
4.602108e+02
5.108920e+02
4.568008e+02
4.691310e+02
4.873779e+02
4.902186e+02
4.625135e+02
4.536552e+02
4.638349e+02
4.943824e+02
4.550389e+02
5.216969e+02
4.575113e+02
5.294591e+02
5.149182e+02
5.165295e+02
5.067644e+02
4.641844e+02
5.064510e+02
4.900418e+02
4.796233e+02
4.961218e+02
4.633533e+02
4.677768e+02
5.047069e+02
4.598893e+02
4.948786e+02
4.558800e+02
4.822434e+02
5.157485e+02
4.961914e+02
4.749041e+02
5.149078e+02
4.656507e+02
5.156951e+02
4.578339e+02
5.050770e+02
4.649120e+02
4.580798e+02
4.535765e+02
4.710554e+02
4.623076e+02
4.840428e+02
4.827206e+02
5.069781e+02
4.762467e+02
4.656306e+02
4.639331e+02
4.785125e+02
4.713551e+02
5.159795e+02
4.591486e+02
4.491730e+02
5.079398e+02
4.940910e+02
4.890842e+02
5.054279e+02
5.278781e+02
4.693014e+02
4.590871e+02
4.751455e+02
4.633639e+02
4.718050e+02
4.612523e+02
5.145863e+02
4.947409e+02
4.660930e+02
4.798358e+02
4.741698e+02
4.820450e+02
4.571153e+02
5.299736e+02
4.540000e+02
4.531189e+02
4.613362e+02
4.617632e+02
4.947335e+02
4.559991e+02
4.706178e+02
4.679729e+02
4.520229e+02
4.901404e+02
4.588617e+02
4.632345e+02
4.756825e+02
5.094978e+02
4.916715e+02
4.621322e+02
4.830956e+02
5.194994e+02
4.950975e+02
5.286107e+02
4.629831e+02
5.002874e+02
4.756854e+02
4.585927e+02
5.171972e+02
4.962082e+02
5.027457e+02
4.718944e+02
5.173478e+02
4.823400e+02
4.840332e+02
4.692614e+02
4.705456e+02
4.778781e+02
5.071378e+02
5.132007e+02
4.649893e+02
5.249298e+02
4.799670e+02
4.624592e+02
4.886574e+02
5.125695e+02
4.465124e+02
4.746245e+02
4.685906e+02
4.963886e+02
4.899916e+02
4.817085e+02
5.015916e+02
4.742423e+02
4.870308e+02
4.671261e+02
5.282129e+02
5.234899e+02
4.545183e+02
4.884434e+02
4.544682e+02
4.881558e+02
5.163561e+02
4.732941e+02
4.948792e+02
4.600444e+02
4.670217e+02
4.985287e+02
4.912370e+02
4.560833e+02
4.673486e+02
4.698686e+02
4.631197e+02
4.660088e+02
4.544311e+02
4.715490e+02
4.593646e+02
4.541550e+02
5.130112e+02
4.616962e+02
5.132075e+02
