109 
99 
114 
108 
103 
104 
110 
106 
106 
105 
95 
98 
107 
106 
117 
109 
125 
121 
110 
113 
110 
107 
107 
109 
92 
106 
105 
115 
91 
102 
104 
106 
95 
103 
119 
99 
109 
92 
110 
103 
113 
97 
99 
101 
103 
99 
102 
101 
108 
109 
104 
98 
96 
102 
113 
102 
92 
123 
114 
109 
97 
109 
101 
115 
118 
100 
108 
103 
105 
102 
117 
96 
103 
105 
104 
115 
108 
117 
104 
114 
117 
119 
110 
105 
99 
96 
99 
115 
108 
111 
107 
103 
120 
96 
117 
111 
100 
104 
118 
110 
98 
99 
94 
100 
101 
112 
100 
103 
115 
105 
102 
