0	118	141	548	221	68	366	135	167	135	96	211	197	389	101	397	226	368	260	476	71
118	0	259	666	305	50	251	124	225	253	214	329	186	378	219	515	344	486	249	361	189
141	259	0	689	80	209	376	145	44	187	115	70	207	399	242	538	367	509	270	486	197
548	666	689	0	741	616	914	683	715	529	644	646	745	937	447	945	572	180	808	1024	593
221	305	80	741	0	289	412	181	80	212	151	95	243	435	294	618	419	561	306	522	233
68	50	209	616	289	0	301	174	235	203	164	279	236	428	169	465	294	436	299	411	139
366	251	376	914	412	301	0	231	332	479	333	446	169	238	467	763	592	734	232	110	415
135	124	145	683	181	174	231	0	101	248	102	215	62	254	236	532	361	503	125	341	184
167	225	44	715	80	235	332	101	0	217	71	114	163	355	268	564	393	535	226	442	153
135	253	187	529	212	203	479	248	217	0	146	117	310	502	82	532	207	349	373	589	64
96	214	115	644	151	164	333	102	71	146	0	185	164	356	197	493	322	464	227	443	82
211	329	70	646	95	279	446	215	114	117	185	0	277	469	199	608	324	466	340	556	181
197	186	207	745	243	236	169	62	163	310	164	277	0	192	298	594	423	565	63	279	246
389	378	399	937	435	428	238	254	355	502	356	469	192	0	490	786	615	757	129	128	438
101	219	242	447	294	169	467	236	268	82	197	199	298	490	0	498	125	267	361	577	146
397	515	538	945	618	465	763	532	564	532	493	608	594	786	498	0	623	765	657	873	468
226	344	367	572	419	294	592	361	393	207	322	324	423	615	125	623	0	392	486	702	271
368	486	509	180	561	436	734	503	535	349	464	466	565	757	267	765	392	0	628	844	413
260	249	270	808	306	299	232	125	226	373	227	340	63	129	361	657	486	628	0	257	309
476	361	486	1024	522	411	110	341	442	589	443	556	279	128	577	873	702	844	257	0	525
71	189	197	593	233	139	415	184	153	64	82	181	246	438	146	468	271	413	309	525	0
1	6	21	11	15	2	8	10	3	9	13	12	5	17	19	7	18	14	16	20	4
2	6	1	8	13	21	11	15	9	19	7	10	3	5	12	17	20	14	18	16	4
3	9	12	5	11	1	8	10	21	13	6	15	2	19	17	7	14	20	18	16	4
4	18	15	10	1	17	21	6	11	12	2	8	3	9	5	13	19	7	14	16	20
5	3	9	12	11	8	10	1	21	13	6	15	2	19	7	17	14	20	18	16	4
6	2	1	21	11	15	8	10	3	9	13	12	5	17	19	7	20	14	18	16	4
7	20	13	8	19	14	2	6	9	11	1	3	5	21	12	15	10	17	18	16	4
8	13	9	11	2	19	1	3	6	5	21	12	7	15	10	14	20	17	18	16	4
9	3	11	5	8	12	21	13	1	10	2	19	6	15	7	14	17	20	18	16	4
10	21	15	12	1	11	3	6	17	5	9	8	2	13	18	19	7	14	4	16	20
11	9	21	1	8	3	10	5	6	13	12	15	2	19	17	7	14	20	18	16	4
12	3	5	9	10	21	11	15	1	8	13	6	17	2	19	7	18	14	20	16	4
13	8	19	9	11	7	2	14	1	3	6	5	21	12	20	15	10	17	18	16	4
14	20	19	13	7	8	9	11	2	1	3	6	5	21	12	15	10	17	18	16	4
15	10	1	17	21	6	11	12	2	8	3	18	9	5	13	19	4	7	14	16	20
16	1	6	21	11	15	2	8	10	3	9	13	12	5	17	19	7	18	14	20	4
17	15	10	1	21	6	11	12	2	8	3	18	9	5	13	19	4	7	14	16	20
18	4	15	10	1	17	21	6	11	12	2	8	3	9	5	13	19	7	14	16	20
19	13	8	14	9	11	7	2	20	1	3	6	5	21	12	15	10	17	18	16	4
20	7	14	19	13	8	2	6	9	11	1	3	5	21	12	15	10	17	18	16	4
21	10	1	11	6	15	9	12	8	2	3	5	13	17	19	18	7	14	16	20	4
1	2	150
1	3	52
1	5	36
1	10	30
1	11	69
1	17	17
1	20	18
1	21	50
3	1	30
5	1	36
5	11	54
7	20	18
7	20	65
8	7	20
8	14	36
10	15	100
11	1	150
11	9	76
17	12	21
20	11	16
21	1	18