18 12 16 20 11 17 6 
9 9 18 26 6 16 3 
23 15 21 11 14 11 11 
24 15 17 7 10 18 8 
17 11 17 17 6 22 12 
24 14 21 18 10 18 8 
22 13 22 16 19 16 15 
18 11 21 12 12 16 4 
18 6 26 14 15 20 10 
19 13 24 16 16 12 16 
21 9 21 16 10 15 2 
16 6 16 14 12 14 8 
20 7 19 10 10 16 8 
17 6 18 17 6 18 5 
17 11 24 21 6 15 8 
14 13 24 22 16 13 13 
17 7 19 15 5 12 8 
15 6 21 17 9 22 6 
34 10 19 13 13 9 6 
15 6 22 15 3 16 10 
24 7 17 16 7 10 6 
26 8 19 21 18 18 5 
25 13 24 8 10 16 12 
25 6 18 19 9 12 9 
16 12 18 19 4 16 7 
25 7 15 9 13 16 13 
18 8 15 19 21 14 17 
27 17 17 16 10 11 11 
20 9 17 21 8 12 3 
21 12 21 22 19 16 13 
15 13 21 18 9 17 8 
19 13 19 20 14 19 8 
25 6 18 19 7 18 2 
25 6 16 15 17 18 9 
15 12 22 23 10 22 7 
23 8 22 20 11 14 8 
22 9 20 22 11 23 5 
21 15 23 20 15 16 12 
19 15 21 17 5 13 5 
17 5 23 14 12 13 3 
22 7 20 23 15 15 4 
15 11 17 19 11 23 7 
27 5 22 21 6 12 5 
16 13 23 26 9 20 10 
16 6 15 9 9 25 7 
29 14 23 19 17 13 15 
19 7 14 14 18 21 12 
28 15 20 16 7 22 12 
25 10 22 9 11 18 6 
19 8 20 17 8 13 4 
20 9 16 16 11 14 8 
21 10 17 21 10 12 8 
25 11 11 15 16 21 5 
23 7 24 18 7 11 4 
23 17 24 19 12 14 7 
21 3 24 19 13 15 6 
15 6 25 9 6 17 7 
17 9 22 23 18 24 8 
23 9 23 18 14 15 13 
18 19 18 17 13 21 11 
21 7 20 13 9 13 9 
18 13 18 19 4 21 7 
17 18 19 26 12 15 11 
22 3 21 26 9 7 9 
23 13 20 21 6 11 5 
19 14 11 20 13 16 10 
20 6 9 18 8 18 2 
25 12 20 18 15 11 5 
17 4 16 22 16 21 9 
19 7 20 14 10 12 6 
21 15 26 28 11 11 9 
28 14 16 17 9 18 10 
19 7 23 18 4 18 10 
23 11 20 24 12 12 9 
23 5 18 15 16 12 15 
23 19 16 23 16 13 13 
21 12 21 18 5 17 5 
16 14 19 18 18 23 7 
22 12 22 12 10 16 6 
21 5 21 14 10 15 2 
23 10 17 9 20 17 10 
22 15 15 23 13 21 13 
25 15 22 17 14 13 12 
23 18 19 21 12 17 10 
19 19 17 20 18 18 9 
26 6 18 18 11 14 10 
24 17 19 20 7 17 9 
15 8 15 18 9 17 2 
20 5 22 21 12 9 7 
25 8 22 18 9 12 6 
22 11 15 16 10 21 5 
16 7 21 28 7 15 4 
23 10 24 31 10 8 8 
24 11 16 15 7 15 1 
25 10 22 12 12 13 8 
13 11 18 17 13 12 6 
21 6 19 18 9 17 6 
25 6 17 14 6 21 5 
15 9 20 26 6 27 13 
27 12 24 22 12 19 12 
21 10 13 19 14 16 15 
22 11 20 22 13 17 8 
13 15 19 16 11 18 12 
26 18 15 20 13 17 15 
13 8 22 17 7 21 8 
19 8 17 20 10 20 11 
19 5 14 23 9 9 4 
14 6 21 16 10 16 6 
18 9 21 22 6 9 10 
20 15 15 16 12 17 20 
21 8 17 20 6 17 9 
19 11 18 17 16 13 12 
17 21 21 16 15 11 10 
16 5 15 18 5 20 3 
24 14 15 17 10 13 10 
17 10 16 17 9 15 7 
18 8 23 16 7 10 2 
17 15 15 19 14 23 8 
17 8 13 19 7 14 3 
12 6 15 19 20 21 15 
21 5 21 23 8 11 3 
20 19 16 20 10 11 8 
22 11 15 21 17 17 16 
23 12 23 15 16 19 8 
22 5 20 16 5 21 8 
25 12 21 19 15 15 10 
22 12 26 16 13 20 11 
26 13 16 15 17 11 8 
18 13 20 15 7 19 5 
26 4 18 16 13 16 4 
15 10 19 16 11 16 10 
17 9 20 20 14 17 9 
28 12 22 19 12 17 5 
23 16 18 18 15 22 9 
25 15 23 14 17 12 9 
24 10 12 19 8 16 4 
21 9 14 17 9 15 8 
22 10 26 15 11 12 6 
11 8 22 23 10 14 8 
21 10 22 22 17 17 6 
16 9 15 15 6 10 7 
25 19 25 21 14 22 12 
27 9 18 20 9 13 12 
15 13 12 24 18 12 13 
11 14 15 20 14 23 7 
16 8 23 22 9 17 4 
16 12 17 24 12 15 15 
24 15 13 16 17 14 7 
19 2 27 12 6 15 6 
22 10 19 17 12 18 9 
24 6 21 21 11 8 8 
