63 30
62 30
66 27
52 24
64 25
62 30
53 26
67 25
59 29
59 26
49 25
72 29
69 28
64 28
60 28
63 26
68 28
54 25
70 31
70 31
66 27
82 30
66 29
55 27
57 28
61 25
63 26
62 29
70 28
61 27
59 27
63 27
66 26
55 29
57 29
59 26
64 27
54 26
77 29
63 28
66 27
66 28
71 30
63 25
57 28
67 26
52 26
59 25
51 25
62 27
58 28
55 26
70 28
61 27
56 25
68 29
66 29
70 24
70 28
83 27
56 26
66 28
54 25
55 27
67 27
65 28
83 31
55 26
53 27
62 27
57 25
60 26
65 27
72 29
77 28
53 26
73 28
59 26
76 29
58 27
74 29
61 26
71 28
54 26
74 31
68 27
56 28
57 26
73 27
48 25
65 29
68 30
79 28
56 29
74 29
71 27
51 28
67 28
66 29
71 29
53 24
59 27
61 29
70 31
70 29
65 26
77 29
62 29
71 28
69 28
57 27
61 24
81 30
63 29
65 28
69 30
79 27
68 29
75 30
63 29
71 27
69 31
72 27
63 27
68 29
63 26
65 30
53 28
46 25
55 27
62 24
60 27
71 30
66 28
69 31
74 27
49 27
64 24
56 24
65 26
62 26
75 31
54 25
71 29
68 27
74 28
59 28
68 28
55 24
80 31
58 29
53 27
