79 36 59 73 62 63 15 
57 50 44 114 38 54 25 
67 52 87 26 63 32 32 
117 75 79 28 52 51 28 
109 64 74 67 22 98 52 
63 69 72 54 64 50 39 
102 66 85 49 65 65 59 
63 52 85 68 81 59 17 
80 34 95 52 69 64 48 
60 53 66 51 91 51 58 
74 35 81 55 76 55 20 
75 29 65 49 65 62 21 
77 37 79 40 54 66 38 
71 29 45 59 45 77 47 
102 70 66 90 52 65 49 
60 46 102 85 84 24 40 
66 52 63 54 37 45 55 
57 52 83 41 61 85 36 
129 66 55 41 91 22 29 
45 41 70 44 28 61 50 
100 54 78 55 21 31 44 
117 36 70 86 86 58 27 
103 59 88 33 58 60 51 
88 47 88 74 42 42 57 
66 68 78 56 16 35 27 
105 48 48 24 70 67 41 
90 20 48 67 109 31 57 
103 80 48 77 43 45 38 
77 70 50 80 64 49 14 
76 56 71 101 79 47 51 
53 93 96 66 71 64 37 
74 56 65 69 58 59 32 
88 45 72 56 26 52 5 
83 31 80 60 80 60 45 
53 63 78 78 41 85 30 
80 22 90 83 79 35 52 
90 64 81 107 50 75 20 
72 67 99 80 79 37 63 
63 82 98 42 29 26 37 
52 30 73 69 65 45 12 
120 23 75 101 83 44 35 
59 61 37 70 54 72 38 
111 24 96 61 36 42 35 
39 46 79 100 23 81 60 
63 50 66 38 45 87 42 
110 48 89 65 99 57 57 
90 41 52 52 86 84 47 
107 70 82 88 40 55 60 
99 65 78 49 55 60 22 
78 39 79 44 40 24 19 
71 58 32 51 46 51 32 
89 57 71 71 54 46 35 
110 70 54 56 64 71 23 
95 42 88 86 32 41 14 
99 80 91 79 74 38 29 
70 28 87 101 50 42 33 
60 43 82 41 38 46 49 
66 55 62 72 92 71 33 
80 40 87 57 70 51 38 
75 80 80 84 44 75 46 
104 47 60 41 46 59 68 
75 55 70 62 30 60 50 
70 115 81 103 59 44 37 
79 5 68 103 44 13 45 
86 83 60 81 33 41 34 
89 65 61 86 67 56 39 
75 39 45 59 66 61 7 
107 70 77 56 84 35 13 
75 4 52 61 89 91 30 
70 44 83 34 63 35 21 
93 60 77 108 53 39 38 
115 65 69 52 43 60 53 
79 25 69 70 31 60 46 
83 74 87 61 55 28 50 
88 27 68 56 60 47 57 
94 60 69 82 63 37 72 
82 68 95 59 15 48 21 
85 44 65 51 80 76 25 
94 51 74 39 41 78 37 
68 17 69 44 61 70 14 
69 69 66 40 81 49 44 
97 58 68 91 74 69 65 
91 82 90 72 61 58 46 
89 56 77 71 37 40 58 
60 84 57 55 86 46 33 
85 43 66 61 77 28 69 
94 117 85 62 47 52 33 
75 48 41 56 62 67 11 
96 28 76 67 34 21 25 
84 43 78 74 38 28 37 
84 59 48 51 49 59 14 
57 38 88 93 28 44 31 
79 83 98 81 67 32 53 
128 48 52 49 40 41 8 
125 40 62 38 58 33 66 
57 36 51 63 83 43 33 
62 19 90 69 50 59 24 
114 42 46 30 40 58 31 
55 59 86 114 33 83 77 
133 26 103 78 56 63 52 
103 42 34 55 80 41 44 
97 50 93 66 49 60 31 
43 78 52 50 70 62 73 
93 93 71 71 60 82 59 
71 51 91 59 37 106 30 
95 50 59 58 48 61 35 
56 24 40 76 50 33 26 
51 31 50 48 51 47 24 
65 59 74 91 14 56 46 
89 57 76 62 48 52 73 
81 43 86 55 67 61 33 
93 48 58 63 75 68 51 
58 96 85 48 82 45 26 
56 30 42 63 32 52 25 
91 55 55 62 37 32 20 
92 47 60 44 63 49 44 
43 47 87 82 34 37 6 
54 62 35 80 79 76 16 
62 27 44 52 38 58 12 
41 12 51 64 100 89 65 
91 23 83 95 33 50 22 
92 65 58 69 44 39 41 
91 37 53 79 80 70 70 
77 73 73 70 66 55 38 
100 27 82 48 24 84 47 
70 42 89 78 57 57 59 
83 52 91 53 75 74 69 
86 63 68 54 59 58 44 
59 70 68 54 27 44 17 
100 17 83 43 74 40 25 
84 82 62 53 65 45 78 
105 71 89 75 66 59 48 
116 43 90 56 54 59 36 
91 63 73 70 68 73 49 
110 67 87 37 97 36 32 
122 40 42 84 39 58 30 
82 51 54 60 43 58 49 
67 59 96 48 56 47 41 
37 41 88 64 40 37 35 
71 53 102 77 97 58 16 
69 43 58 45 52 28 42 
100 80 104 82 77 113 57 
96 26 45 58 50 37 47 
75 46 47 108 77 43 43 
28 69 64 65 74 97 18 
87 61 86 98 46 38 28 
69 30 85 87 65 59 60 
103 81 49 41 53 40 28 
95 9 98 58 33 51 49 
89 48 89 44 67 51 25 
82 15 80 73 38 21 26 
