74 115 102 40 192 144 
76 102 108 34 185 185 
85 81 102 44 194 154 
64 100 114 46 189 187 
57 93 126 45 181 181 
79 104 109 43 199 157 
67 96 95 36 183 181 
80 87 117 48 177 161 
76 98 120 59 184 157 
63 82 126 38 176 190 
76 101 126 32 170 157 
68 87 125 42 181 152 
69 81 117 46 172 136 
75 80 125 48 196 159 
71 95 108 36 170 180 
73 109 136 43 178 180 
74 71 136 45 176 171 
85 108 131 48 175 171 
68 97 111 31 153 158 
70 91 137 34 183 170 
70 105 118 51 166 156 
65 84 118 47 174 152 
59 88 117 48 191 180 
75 103 140 37 189 140 
63 92 104 40 180 176 
81 87 113 43 184 154 
81 106 122 39 183 177 
74 86 111 55 214 169 
67 93 124 47 177 160 
84 87 128 51 181 163 
63 90 118 40 156 182 
88 74 109 40 168 159 
76 93 139 44 185 138 
71 102 125 40 196 165 
75 90 102 46 162 204 
90 89 106 48 182 176 
79 92 129 45 180 163 
71 93 109 42 196 168 
91 102 125 46 161 179 
53 76 103 53 186 192 
86 80 127 37 192 174 
69 100 107 50 190 156 
67 88 120 38 182 166 
93 102 129 35 172 159 
82 94 112 45 199 183 
55 89 126 41 159 156 
85 110 127 35 178 159 
80 84 136 44 202 148 
58 92 115 52 185 167 
81 99 111 49 169 172 
69 107 112 52 191 162 
74 94 118 43 181 171 
59 102 130 43 173 158 
74 80 110 33 172 172 
69 108 130 33 168 173 
80 86 126 39 180 202 
86 92 105 43 202 171 
56 115 107 55 176 166 
71 95 115 51 182 144 
73 84 119 34 173 172 
69 84 107 43 191 158 
68 92 133 49 160 185 
63 90 144 49 182 153 
82 100 133 54 183 167 
66 96 113 48 172 179 
83 98 125 36 153 158 
77 89 128 39 180 158 
95 81 123 42 169 153 
53 107 125 50 180 175 
75 87 139 51 172 168 
64 104 125 37 208 171 
72 81 143 37 191 137 
79 97 129 42 175 154 
71 89 122 52 172 191 
65 92 107 45 194 172 
78 99 132 47 181 155 
81 64 121 62 178 159 
74 92 116 53 175 133 
84 74 128 49 182 179 
75 88 127 46 176 165 
71 85 102 37 163 173 
56 92 125 28 154 185 
85 88 129 46 191 160 
78 94 112 52 171 182 
71 101 116 47 179 168 
78 90 117 38 189 186 
85 92 129 50 170 166 
81 103 121 50 162 166 
70 75 119 40 177 168 
80 102 119 63 187 149 
62 89 132 49 189 162 
72 86 132 51 172 171 
69 76 113 48 165 183 
66 98 134 54 188 192 
84 101 130 35 159 148 
90 82 108 45 186 184 
71 86 120 39 175 167 
77 95 135 44 192 160 
68 85 104 48 187 184 
70 100 130 41 162 158 
