104 221 112 25 53 78 
99 165 102 81 64 132 
137 169 133 43 125 69 
132 82 88 28 63 42 
146 102 62 50 131 153 
116 76 139 34 61 57 
131 123 112 43 119 76 
169 139 74 89 87 73 
156 82 140 26 88 53 
110 133 110 60 107 77 
98 124 78 22 100 66 
87 137 63 10 104 60 
101 120 92 88 104 131 
152 139 121 113 106 147 
150 122 103 84 56 98 
106 147 126 26 73 127 
144 150 41 32 74 107 
89 84 213 38 108 185 
127 86 90 37 44 117 
142 150 83 50 73 121 
134 52 74 69 77 100 
42 85 118 53 93 118 
93 131 186 31 66 118 
146 130 59 47 113 181 
123 121 157 29 66 99 
86 166 152 17 109 106 
134 119 69 88 107 94 
133 135 155 50 110 108 
149 101 84 91 130 122 
135 152 83 57 33 114 
166 80 164 78 111 82 
107 156 140 61 77 98 
116 116 159 63 70 122 
87 99 67 47 137 90 
93 120 146 10 83 127 
134 104 85 31 72 68 
232 141 100 13 158 92 
108 141 135 64 44 109 
117 71 46 78 157 84 
79 153 56 84 195 55 
103 193 88 44 123 106 
125 141 156 54 74 102 
145 103 113 37 72 109 
130 98 70 28 90 135 
144 122 72 42 91 107 
153 109 126 32 76 138 
76 97 162 18 63 145 
85 126 58 93 106 61 
152 113 101 117 49 124 
79 166 66 61 150 112 
208 122 106 72 141 172 
115 123 98 56 81 80 
86 121 117 72 150 60 
153 159 140 75 111 116 
81 94 147 56 147 67 
176 144 79 37 138 61 
156 113 99 5 78 71 
92 73 87 45 112 57 
60 138 107 24 63 158 
160 102 88 31 41 92 
128 113 100 5 68 156 
110 192 136 53 96 83 
101 118 78 78 74 129 
66 90 47 39 100 72 
98 124 63 8 52 124 
222 102 79 81 108 110 
141 167 37 21 169 129 
155 106 146 61 32 66 
125 117 147 54 137 43 
93 179 111 87 95 107 
127 107 121 24 127 160 
151 135 104 54 112 91 
107 98 149 46 89 125 
112 159 52 35 166 136 
123 150 140 46 77 65 
111 94 111 25 108 81 
184 143 98 25 95 98 
81 94 74 30 74 174 
107 159 100 78 105 75 
205 188 60 46 119 133 
63 81 116 29 75 133 
162 273 109 59 84 177 
178 141 64 64 80 127 
219 79 123 73 113 127 
125 120 98 92 47 85 
112 149 153 62 120 113 
136 128 111 1 129 131 
109 109 144 77 131 132 
134 168 91 55 116 142 
54 126 75 59 159 111 
130 191 38 39 196 72 
136 168 116 0 151 144 
180 168 96 39 132 88 
88 192 190 55 121 103 
79 138 120 59 105 40 
124 166 110 21 97 134 
81 152 145 9 118 55 
119 168 88 53 57 85 
134 155 90 13 132 156 
95 119 147 64 91 119 
56 83 126 58 95 33 
82 107 120 64 167 159 
96 175 45 39 98 108 
142 119 98 26 114 194 
115 111 109 88 127 155 
102 136 113 31 50 128 
136 61 62 45 95 79 
144 80 141 19 35 120 
138 156 134 25 77 147 
94 121 76 21 96 118 
55 164 156 51 121 90 
93 49 138 50 73 107 
131 135 90 14 85 90 
64 92 113 33 118 97 
83 101 76 28 87 129 
80 109 131 43 93 137 
145 98 58 37 157 51 
119 115 150 28 67 162 
124 83 44 61 85 83 
139 122 131 57 89 86 
110 115 90 70 140 115 
112 73 58 37 143 132 
141 193 119 65 103 76 
192 90 122 46 136 23 
79 100 49 35 148 130 
148 163 95 16 111 53 
115 135 70 5 146 70 
137 106 190 24 127 85 
164 107 194 21 106 67 
138 49 54 0 93 96 
107 100 79 37 135 85 
102 104 158 87 76 106 
70 219 62 50 77 105 
116 110 116 0 207 130 
163 98 65 60 219 160 
143 63 66 23 110 45 
168 225 96 33 64 135 
143 174 84 0 76 128 
63 127 110 49 137 68 
129 131 192 96 79 44 
78 95 103 71 148 59 
133 109 131 48 47 78 
88 168 170 47 154 95 
155 146 105 59 109 114 
161 118 150 17 121 136 
93 130 53 8 100 79 
121 145 136 82 59 198 
159 106 148 61 59 96 
131 63 154 59 161 124 
126 146 159 85 121 104 
129 126 134 42 88 151 
