12 23 10 2 7 10 
9 14 15 4 10 16 
15 16 15 3 15 10 
13 11 12 2 11 8 
16 10 10 3 17 12 
11 11 15 3 10 12 
14 13 16 4 15 10 
12 16 8 8 13 9 
17 10 16 2 13 9 
15 14 10 5 16 7 
13 10 7 2 13 9 
11 13 9 1 12 10 
14 12 13 6 13 17 
17 15 14 6 15 16 
19 16 12 6 14 14 
12 17 12 2 10 13 
14 17 7 3 9 17 
10 10 16 4 10 18 
15 14 11 3 6 12 
17 16 10 4 13 18 
14 8 12 4 8 12 
7 10 14 5 12 19 
13 13 22 3 10 17 
16 15 12 3 15 20 
16 18 18 2 13 14 
12 16 18 2 15 13 
15 15 9 6 13 14 
16 15 19 4 13 13 
16 14 11 6 21 12 
14 18 10 3 8 12 
18 13 17 4 19 13 
13 13 12 6 12 14 
10 13 20 5 10 15 
11 15 6 6 21 16 
12 15 18 1 10 16 
15 13 8 5 8 14 
25 13 14 2 17 14 
12 18 13 6 9 13 
15 10 7 6 17 10 
10 15 8 5 24 10 
15 17 11 4 14 14 
18 15 13 4 11 17 
19 15 16 2 10 12 
15 13 11 3 12 14 
16 21 8 3 13 13 
19 15 12 3 12 16 
9 11 13 2 9 14 
9 11 8 7 14 11 
18 12 13 7 8 13 
10 20 8 6 17 15 
22 14 11 5 16 15 
16 17 15 3 9 12 
14 14 12 7 16 8 
18 16 23 7 18 19 
8 15 16 4 21 10 
21 14 10 3 15 7 
19 14 9 1 13 8 
7 13 12 6 12 11 
9 15 12 3 11 18 
16 14 13 4 7 10 
13 12 13 2 11 17 
13 18 14 3 9 10 
16 12 11 5 10 19 
10 12 9 2 11 12 
14 12 10 1 7 18 
19 16 11 6 14 14 
18 14 5 3 18 16 
19 12 18 4 7 10 
17 12 17 3 18 5 
11 18 14 7 13 11 
13 16 15 1 13 16 
16 14 13 5 15 13 
11 11 16 4 14 16 
15 16 8 6 14 12 
15 16 13 4 13 7 
16 9 11 2 15 11 
21 16 11 1 10 11 
8 12 11 2 18 16 
13 16 9 6 10 12 
20 16 8 3 16 15 
8 15 13 2 11 15 
16 23 11 3 11 19 
17 13 10 3 9 13 
20 11 14 5 16 14 
14 14 12 6 10 10 
15 19 13 4 13 14 
17 14 14 1 16 17 
12 12 15 4 14 17 
16 20 13 5 11 16 
12 13 9 5 16 14 
17 16 8 5 20 13 
17 17 15 0 19 17 
18 18 12 4 18 10 
12 16 21 5 14 12 
12 15 15 5 12 9 
16 15 12 1 12 14 
11 10 16 1 14 10 
14 19 8 3 8 15 
11 15 12 2 14 20 
11 15 15 4 11 18 
10 13 14 5 12 6 
13 15 16 4 16 18 
11 14 7 5 14 13 
11 16 12 2 11 19 
15 14 11 9 17 16 
13 12 17 2 8 13 
13 10 8 3 10 12 
17 11 15 1 7 12 
15 16 10 2 14 21 
12 17 11 2 13 10 
7 20 16 5 20 12 
9 9 13 7 10 19 
14 15 14 2 8 19 
8 16 15 2 10 16 
7 11 10 2 9 12 
14 14 16 3 11 14 
15 11 13 3 19 7 
11 17 18 2 8 11 
12 12 6 5 9 14 
15 14 13 4 10 9 
17 15 12 5 15 11 
14 8 8 5 19 16 
14 20 12 5 11 12 
21 11 15 3 13 3 
12 16 9 3 18 18 
14 18 10 1 18 7 
14 15 8 2 14 11 
17 13 23 3 13 11 
16 12 19 2 13 11 
22 7 8 0 14 12 
11 8 10 2 21 17 
10 13 22 6 10 16 
7 23 8 5 13 16 
11 11 13 0 21 12 
12 10 11 3 18 19 
13 8 11 1 13 7 
15 24 13 2 8 16 
17 18 10 0 13 19 
12 15 12 6 16 10 
17 11 18 6 9 7 
11 10 11 5 17 12 
15 14 12 3 7 11 
13 16 20 2 14 14 
15 12 14 4 11 16 
16 11 16 1 13 19 
10 17 10 1 14 10 
15 15 16 5 9 18 
18 16 15 3 7 9 
19 8 16 5 12 14 
21 19 15 6 13 12 
13 13 14 3 10 16 
