605 994 1001 411 1690 1185 
592 966 1022 370 1624 1660 
655 661 1009 525 1759 1422 
590 955 1020 472 1516 1692 
470 952 1095 404 1670 1785 
674 982 1008 383 1769 1263 
610 932 835 382 1540 1523 
729 879 1063 637 1546 1407 
642 950 1218 697 1693 1390 
529 734 1131 460 1553 1704 
705 1032 1251 302 1523 1339 
627 838 1250 495 1640 1459 
552 775 1094 507 1510 1335 
664 715 1202 519 1767 1382 
599 894 1003 333 1451 1704 
617 1052 1353 459 1604 1567 
598 609 1324 463 1500 1553 
811 1025 1246 525 1448 1646 
479 1000 900 371 1319 1452 
577 845 1286 393 1560 1344 
652 993 1055 530 1471 1462 
493 781 1201 530 1628 1404 
531 744 1047 551 1698 1689 
638 959 1296 438 1684 1220 
488 828 908 428 1602 1689 
640 893 965 509 1639 1354 
669 1020 1077 360 1682 1595 
595 885 940 597 2015 1551 
522 831 1157 579 1530 1341 
711 966 1069 536 1698 1451 
491 750 990 426 1294 1573 
805 667 998 409 1497 1415 
642 782 1298 442 1721 1193 
607 957 1133 534 1611 1513 
588 735 905 524 1363 1835 
815 865 1065 476 1568 1490 
670 831 1159 544 1580 1408 
669 986 1073 442 1647 1515 
787 873 1106 512 1459 1601 
408 714 924 577 1656 1675 
640 772 1168 334 1717 1562 
625 881 964 482 1794 1508 
658 862 1058 429 1721 1487 
783 868 1177 439 1519 1408 
695 912 1019 406 1738 1651 
503 763 1204 468 1430 1364 
765 901 1185 329 1697 1378 
758 816 1155 441 1804 1335 
530 836 1002 595 1722 1519 
697 973 928 570 1516 1508 
542 1074 1082 505 1830 1493 
634 859 1129 491 1573 1557 
492 965 1252 458 1561 1464 
619 741 1116 343 1444 1515 
621 1068 1175 409 1477 1558 
683 740 1115 431 1605 1738 
788 797 869 470 1680 1461 
505 1116 987 545 1664 1507 
613 838 945 467 1689 1282 
629 751 1090 442 1397 1520 
640 788 965 460 1761 1349 
544 838 1128 407 1491 1556 
559 860 1226 562 1526 1474 
695 955 1161 600 1588 1351 
513 865 993 594 1481 1639 
712 898 1110 476 1290 1422 
669 850 1263 453 1620 1449 
802 647 1174 404 1399 1494 
473 1007 1232 503 1550 1702 
701 811 1384 495 1513 1490 
608 864 1106 478 1797 1551 
562 805 1381 399 1560 1280 
733 954 1179 436 1532 1439 
548 870 1048 625 1535 1646 
562 898 956 448 1815 1543 
670 1015 1256 493 1474 1345 
630 516 1120 730 1679 1415 
569 763 1013 612 1667 1127 
820 647 1103 531 1663 1627 
741 836 1106 329 1534 1531 
645 766 875 426 1512 1407 
466 831 1197 342 1377 1631 
737 771 1303 476 1682 1322 
716 944 1146 494 1606 1716 
628 875 1043 508 1688 1457 
715 812 1055 346 1543 1695 
740 863 1191 524 1478 1437 
663 992 1090 551 1316 1625 
604 637 1187 413 1596 1431 
602 955 1051 753 1758 1480 
535 793 1197 429 1779 1397 
564 746 1203 542 1538 1546 
622 704 1047 512 1476 1740 
554 804 1304 567 1552 1732 
725 971 1165 411 1435 1267 
813 763 1064 568 1717 1595 
630 841 1209 419 1518 1428 
741 851 1218 555 1729 1350 
665 870 886 434 1694 1631 
628 834 1188 572 1295 1374 
