44 36 76 64 109 37 13 113 69 
0 82 50 19 53 17 37 17 66 
70 105 75 105 81 55 24 62 72 
45 93 49 15 94 70 10 57 94 
16 63 79 22 134 59 34 72 86 
31 61 72 42 54 77 63 73 39 
10 32 85 115 97 67 8 131 92 
21 62 81 69 46 60 64 83 94 
0 35 80 100 65 107 36 63 70 
23 73 24 46 56 66 39 33 57 
29 90 73 57 43 84 65 46 61 
45 24 57 50 74 65 52 58 95 
40 55 108 82 113 84 59 12 48 
12 24 34 25 130 47 47 104 63 
22 76 89 45 63 57 38 70 90 
37 31 63 74 66 103 28 69 64 
39 31 72 44 80 121 50 112 106 
0 112 126 71 92 79 64 11 70 
0 20 13 25 70 50 77 119 40 
15 35 40 33 59 80 35 66 33 
18 1 58 29 41 67 56 71 45 
14 60 43 53 56 53 49 79 64 
92 153 60 112 128 116 63 98 61 
0 4 98 49 57 64 44 56 98 
33 104 106 83 64 86 39 85 38 
35 43 87 64 87 27 35 56 83 
25 71 79 68 40 40 21 75 88 
10 88 86 75 85 30 83 82 48 
21 86 93 69 51 74 14 90 22 
33 37 75 58 100 35 53 61 58 
15 18 38 93 104 55 56 40 91 
53 59 83 30 64 48 25 81 88 
31 96 121 67 49 58 25 81 112 
21 83 119 59 67 49 22 99 54 
12 36 57 71 89 96 23 42 117 
40 100 88 89 111 64 31 39 105 
61 109 49 78 14 49 11 9 43 
43 43 76 83 79 40 79 173 42 
6 70 161 50 80 79 10 61 60 
11 8 102 80 78 105 115 86 44 
23 50 98 88 50 81 43 64 16 
38 176 71 75 88 48 27 103 30 
94 81 124 46 139 75 8 131 96 
32 35 73 57 105 47 40 60 54 
29 53 88 112 89 72 50 86 105 
51 54 73 53 92 74 15 92 48 
0 4 123 33 41 99 38 21 106 
11 39 65 23 61 137 47 44 33 
40 46 97 64 112 100 9 48 15 
20 42 57 23 42 76 71 71 117 
18 23 55 90 122 50 5 52 31 
16 65 55 68 50 73 37 37 52 
72 18 101 155 84 49 46 31 94 
25 79 49 14 41 50 37 49 22 
48 15 61 113 101 54 27 61 133 
22 41 45 65 78 56 45 75 49 
13 21 86 38 61 34 52 143 35 
56 84 6 65 48 57 42 75 21 
33 67 122 99 124 81 50 56 40 
12 56 42 8 85 141 55 60 74 
16 91 84 28 51 42 14 130 53 
47 56 116 14 43 70 43 90 96 
19 65 90 60 99 42 55 45 50 
20 79 58 29 43 26 62 91 31 
74 99 42 55 38 43 15 93 60 
40 40 121 90 68 35 23 142 135 
29 29 84 47 112 9 13 91 121 
36 67 44 156 140 89 1 33 89 
0 20 90 44 64 80 66 32 33 
0 24 138 42 73 72 17 50 54 
35 55 116 79 17 11 40 50 34 
0 33 72 61 71 78 20 40 84 
45 81 41 28 70 30 23 58 92 
0 96 28 83 42 47 46 62 77 
17 51 35 75 50 14 61 49 60 
10 117 72 18 89 54 47 33 43 
20 64 89 91 24 138 25 46 53 
0 127 62 84 122 39 2 39 92 
6 45 47 49 89 62 25 71 70 
39 93 68 76 28 12 51 43 88 
53 24 91 61 45 31 5 61 12 
20 76 69 123 75 103 69 30 42 
8 63 58 74 128 162 31 75 75 
115 68 65 40 14 54 11 46 40 
13 23 61 28 128 119 57 42 80 
25 116 37 14 60 44 85 55 88 
59 40 155 98 49 74 34 106 29 
2 34 53 83 72 10 36 74 27 
10 22 67 100 82 58 21 115 91 
10 106 36 33 63 50 56 85 98 
0 66 106 58 43 83 127 86 34 
46 53 57 65 66 25 110 21 57 
0 73 65 70 83 103 98 25 47 
47 35 120 55 79 52 52 61 88 
3 45 126 31 125 82 17 60 56 
39 56 38 75 29 133 33 63 37 
18 91 36 59 68 64 24 75 95 
33 47 81 81 63 47 93 63 65 
29 159 94 30 57 93 49 55 38 
65 92 66 11 41 122 41 42 74 
18 58 21 48 72 124 21 69 144 
17 61 52 86 153 79 56 101 71 
19 42 37 54 63 126 16 77 68 
0 72 48 42 68 103 48 9 92 
7 13 138 146 51 72 92 53 37 
31 40 16 69 94 58 65 20 51 
53 50 81 45 89 120 135 53 93 
40 33 40 41 92 32 32 88 66 
0 134 68 14 95 84 83 59 70 
0 69 87 35 54 91 0 42 35 
33 85 89 102 98 65 32 124 145 
70 44 16 101 126 44 45 97 26 
16 106 33 32 90 51 24 58 96 
38 42 37 130 117 58 36 156 98 
55 67 111 46 58 63 23 62 43 
70 132 83 93 20 67 85 99 24 
34 30 58 69 23 114 34 98 71 
29 100 92 67 139 59 47 67 50 
0 54 88 41 51 34 45 44 65 
28 59 108 29 66 99 83 84 87 
33 27 44 118 73 100 36 56 15 
15 87 95 120 33 91 65 108 62 
5 65 138 56 73 113 97 43 110 
19 65 35 106 73 70 21 115 69 
56 74 62 75 103 21 100 68 57 
60 45 110 44 98 56 75 52 52 
44 62 113 79 29 46 52 68 59 
19 33 79 37 62 62 54 127 157 
56 71 81 32 56 106 23 49 44 
18 112 59 51 137 30 2 110 41 
71 38 70 88 127 35 59 69 33 
19 72 51 77 77 78 65 33 46 
23 63 56 58 56 41 20 95 77 
55 43 150 81 49 66 49 62 124 
30 98 37 48 136 82 33 122 60 
31 32 165 43 201 77 98 95 70 
18 42 49 34 42 109 47 40 58 
38 55 61 36 91 82 17 43 80 
38 112 72 98 22 67 14 78 52 
0 58 92 75 58 55 46 76 86 
56 30 67 62 54 51 0 22 19 
60 67 116 71 77 90 68 9 125 
19 65 62 64 56 45 10 54 68 
43 9 88 34 105 96 46 39 6 
44 97 49 47 22 49 38 48 48 
18 72 51 70 61 100 88 94 39 
60 63 113 24 88 105 55 97 75 
12 15 90 61 110 28 23 93 27 
15 104 178 41 140 44 17 78 70 
13 33 113 60 81 52 40 89 52 
1 29 46 6 120 104 38 36 32 
