91 15
93 12
105 16
114 14
58 11
55 9
78 11
102 17
60 11
95 17
24 8
99 17
96 15
89 11
89 11
87 15
79 10
77 12
53 8
49 8
96 14
119 18
98 12
89 14
68 11
132 19
57 11
132 18
66 10
116 14
71 10
109 17
100 17
99 14
94 13
78 12
59 13
132 18
83 13
70 14
131 15
99 16
121 17
127 20
60 11
68 14
59 13
74 13
88 16
101 18
118 18
71 15
53 12
99 15
82 14
77 12
99 16
135 18
68 10
87 13
99 13
99 15
87 14
81 14
74 13
118 19
77 12
76 12
94 14
64 11
106 15
105 15
108 17
50 9
101 16
103 14
98 16
106 14
81 13
126 17
86 12
81 15
82 14
109 14
79 13
72 11
43 7
93 13
78 15
56 12
98 14
122 17
84 12
47 8
47 6
81 12
80 13
111 14
94 13
47 10
72 12
72 12
105 15
71 9
78 15
91 14
84 14
78 12
74 14
100 15
49 10
93 13
80 13
100 16
123 18
48 11
87 13
94 17
83 14
62 12
95 15
103 14
108 15
75 13
67 12
67 11
82 13
99 15
117 15
75 13
67 11
103 16
114 15
70 11
100 18
82 13
102 14
104 17
127 21
69 16
96 18
102 15
101 15
102 14
86 13
67 12
90 14
86 14
91 14
141 19
93 11
93 14
