27 8
97 14
56 11
102 17
113 15
101 18
91 14
66 13
68 11
123 16
103 16
84 13
67 12
108 13
92 18
102 17
103 15
103 15
110 18
112 18
67 11
70 11
61 14
88 14
79 14
82 13
82 15
51 10
135 19
99 15
73 14
53 11
100 14
93 15
97 16
105 18
71 12
80 11
107 17
91 17
94 15
68 12
71 14
56 9
120 15
83 15
108 15
79 8
77 11
62 10
53 10
73 12
140 20
42 10
96 13
81 12
65 13
81 9
88 13
108 15
97 14
62 11
56 9
97 17
123 19
65 14
86 14
72 13
74 13
118 17
82 14
64 12
82 12
68 16
104 15
139 18
87 13
96 13
61 14
66 10
99 15
78 11
109 14
74 13
59 11
104 16
141 22
87 14
105 16
101 12
83 15
98 14
101 15
101 20
120 17
117 18
70 11
82 15
91 16
91 12
82 15
57 10
57 9
95 18
72 15
76 16
69 12
62 12
128 15
100 15
84 12
98 16
82 13
90 13
59 9
125 16
65 11
78 12
92 12
52 11
52 8
89 14
71 13
73 14
93 13
94 14
77 13
61 10
62 14
143 17
124 17
68 8
103 15
78 10
93 15
90 13
76 14
70 11
56 8
94 14
79 10
115 15
98 15
65 10
98 12
66 12
138 18
118 20
48 8
52 8
77 15
112 15
