63 10 28 50 50 75 61 12 31 
35 3 10 15 21 20 25 38 12 
29 23 34 64 20 20 42 2 23 
0 41 16 41 22 43 40 30 11 
57 0 45 46 0 47 28 23 94 
45 33 39 30 40 55 16 39 55 
51 16 0 5 21 18 0 19 27 
0 14 22 35 7 0 14 23 25 
0 24 27 12 24 43 45 4 57 
45 11 26 45 76 29 40 0 16 
51 11 0 48 10 21 11 15 9 
29 55 18 18 32 73 13 1 46 
12 27 24 22 9 38 24 22 0 
0 36 0 26 56 5 15 0 0 
0 18 29 0 0 36 8 5 12 
19 32 25 0 40 54 6 4 0 
17 5 34 0 7 0 15 4 21 
0 28 1 0 18 18 15 26 15 
16 25 37 21 47 7 0 16 31 
0 39 0 43 4 60 27 25 34 
32 25 0 59 27 18 47 1 1 
5 18 25 58 40 20 0 19 24 
65 12 4 19 0 24 0 0 24 
19 20 78 74 13 36 23 24 51 
26 21 0 47 31 40 36 43 28 
45 13 29 0 15 44 20 0 3 
0 22 1 46 25 38 66 0 1 
0 9 38 5 36 7 3 4 39 
78 26 56 47 0 79 73 57 60 
27 0 38 42 34 17 2 26 24 
26 0 20 48 67 45 0 20 43 
0 39 42 33 1 25 49 19 35 
21 4 13 59 44 59 5 76 9 
46 24 47 23 80 23 27 14 28 
34 58 2 29 119 19 19 4 27 
13 20 34 8 23 6 25 18 59 
44 0 19 46 26 31 16 27 0 
41 52 2 17 24 7 0 84 45 
47 0 24 20 52 34 24 27 67 
0 49 25 30 24 102 35 0 21 
1 3 28 0 27 89 5 51 37 
8 23 25 26 1 24 38 36 35 
29 0 13 25 50 21 10 0 0 
19 19 17 7 8 53 0 19 12 
0 23 0 16 0 52 46 13 40 
0 72 7 32 17 20 13 40 17 
23 22 16 22 13 95 0 45 8 
26 17 10 25 92 69 0 0 0 
0 58 32 7 84 27 34 40 30 
33 11 94 18 44 8 17 29 18 
19 9 19 9 23 10 8 26 40 
17 0 33 27 26 21 0 36 44 
0 16 34 10 68 61 27 18 60 
55 48 27 15 24 32 12 43 23 
10 8 0 35 0 36 14 91 30 
40 0 22 22 63 46 61 0 8 
2 0 2 16 54 38 11 22 33 
25 33 34 0 0 12 27 50 56 
21 39 0 57 11 37 37 30 5 
48 16 0 36 1 43 34 42 10 
73 38 13 74 14 42 50 33 18 
0 0 30 1 0 0 30 5 22 
16 26 23 20 0 16 25 3 0 
37 10 18 0 87 18 63 39 0 
19 0 89 20 14 34 53 15 51 
1 29 0 0 31 13 21 28 32 
20 22 20 0 0 34 39 45 4 
4 17 21 42 20 77 0 79 17 
0 39 0 35 59 48 1 29 15 
0 0 22 37 24 17 30 20 39 
39 30 24 49 39 21 54 44 0 
7 15 27 17 33 39 31 3 44 
38 17 0 16 37 59 25 0 22 
49 29 1 0 44 35 15 44 8 
23 3 7 23 0 86 11 24 15 
19 2 1 14 44 57 3 0 0 
49 12 12 10 89 60 6 24 7 
0 0 0 49 12 39 0 0 0 
10 46 0 3 6 0 6 46 61 
