7.004585e+02
6.678887e+02
7.084435e+02
7.023469e+02
6.837150e+02
8.510063e+02
7.675078e+02
7.013721e+02
6.962440e+02
7.230068e+02
6.831605e+02
6.491573e+02
7.644649e+02
7.408546e+02
6.751659e+02
7.473071e+02
7.561784e+02
6.970054e+02
6.952560e+02
7.656177e+02
8.030458e+02
7.976851e+02
6.571608e+02
7.427666e+02
6.752723e+02
6.489928e+02
7.434851e+02
7.712737e+02
7.745604e+02
7.600637e+02
6.783540e+02
7.111687e+02
6.474603e+02
6.488589e+02
6.968375e+02
7.897454e+02
7.262874e+02
7.870515e+02
7.272285e+02
7.550301e+02
6.609429e+02
7.131982e+02
6.035155e+02
7.651863e+02
6.848868e+02
7.020762e+02
7.655542e+02
8.128815e+02
6.647039e+02
7.429069e+02
7.112106e+02
6.388352e+02
6.879575e+02
6.818376e+02
6.770585e+02
6.752956e+02
7.089515e+02
6.803657e+02
7.132012e+02
7.435344e+02
7.335834e+02
7.744481e+02
7.295798e+02
7.281199e+02
7.501658e+02
6.514394e+02
7.036257e+02
7.842824e+02
7.205550e+02
7.076853e+02
7.534662e+02
7.689722e+02
7.463579e+02
7.246871e+02
7.513384e+02
7.886949e+02
7.626716e+02
6.737317e+02
7.430192e+02
7.855981e+02
7.086274e+02
6.694265e+02
6.681465e+02
7.415190e+02
7.113406e+02
6.689662e+02
7.819266e+02
6.919432e+02
7.084347e+02
6.788649e+02
6.390278e+02
8.054912e+02
6.854782e+02
7.286833e+02
7.218007e+02
6.438560e+02
7.549964e+02
7.578122e+02
7.426712e+02
7.726728e+02
6.675042e+02
7.627192e+02
8.110730e+02
7.432844e+02
7.033171e+02
7.191418e+02
7.446231e+02
7.644657e+02
6.964707e+02
7.818290e+02
7.255701e+02
7.970263e+02
6.501986e+02
6.912806e+02
7.310185e+02
6.645540e+02
8.161008e+02
6.675632e+02
7.583735e+02
7.644118e+02
6.157971e+02
7.419408e+02
6.889929e+02
7.481450e+02
7.094936e+02
7.478700e+02
7.448422e+02
6.864721e+02
7.034732e+02
6.829042e+02
6.804067e+02
6.993597e+02
7.491465e+02
7.303340e+02
6.827397e+02
7.294822e+02
6.621023e+02
6.622211e+02
6.750030e+02
7.043138e+02
7.151264e+02
7.449031e+02
7.353073e+02
7.043787e+02
6.376704e+02
6.698191e+02
7.330432e+02
7.552156e+02
7.104840e+02
6.495248e+02
6.991980e+02
7.394859e+02
8.356201e+02
