52 74 5
104 103 19 40 34 
103 102 18 39 33 
102 101 17 38 32 
101 100 16 37 31 
104 103 19 40 34 
103 102 18 39 33 
102 101 17 38 32 
101 100 16 37 31 
100 99 15 36 30 
99 98 14 35 29 
98 97 13 34 28 
97 96 12 33 27 
96 95 11 32 26 
95 94 10 31 25 
94 93 9 30 24 
103 102 18 39 33 
102 101 17 38 32 
101 100 16 37 31 
100 99 15 36 30 
99 98 14 35 29 
98 97 13 34 28 
97 96 12 33 27 
96 95 11 32 26 
95 94 10 31 25 
94 93 9 30 24 
93 92 8 29 23 
92 91 7 28 22 
91 90 6 27 21 
90 89 5 26 20 
89 88 4 25 19 
88 87 3 24 18 
87 86 2 23 17 
86 85 1 22 16 
85 84 0 21 15 
84 83 1 20 14 
83 82 2 19 13 
82 81 3 18 12 
102 101 19 38 32 
101 100 18 37 31 
100 99 17 36 30 
99 98 16 35 29 
98 97 15 34 28 
97 96 14 33 27 
96 95 13 32 26 
95 94 12 31 25 
94 93 11 30 24 
93 92 10 29 23 
92 91 9 28 22 
91 90 8 27 21 
90 89 7 26 20 
89 88 6 25 19 
88 87 5 24 18 
87 86 4 23 17 
86 85 3 22 16 
85 84 2 21 15 
84 83 1 20 14 
83 82 2 19 13 
82 81 3 18 12 
81 80 4 17 11 
80 79 5 16 10 
79 78 6 15 9 
78 77 7 14 8 
77 76 8 13 7 
76 75 9 12 6 
75 74 10 11 5 
74 73 11 10 4 
73 72 12 9 3 
72 71 13 8 2 
71 70 14 7 1 
70 69 15 8 0 
95 94 12 31 25 
94 93 11 30 24 
93 92 10 29 23 
87 86 6 23 19 
86 85 5 22 18 
85 84 4 21 17 
84 83 3 20 16 
83 82 2 19 15 
82 81 3 18 14 
81 80 4 17 13 
80 79 5 16 12 
79 78 6 15 11 
78 77 7 14 10 
77 76 8 13 9 
76 75 9 12 8 
75 74 10 11 7 
74 73 11 10 6 
73 72 12 9 5 
72 71 13 8 4 
71 70 14 7 3 
70 69 15 6 2 
69 68 16 7 1 
68 67 17 8 2 
67 66 18 9 3 
66 65 19 10 4 
65 64 20 11 5 
64 63 21 12 6 
63 62 22 13 7 
62 61 23 14 8 
61 60 24 15 9 
60 59 25 16 10 
78 77 7 14 12 
77 76 8 13 11 
76 75 9 12 10 
75 74 10 11 9 
74 73 11 10 8 
73 72 12 9 7 
72 71 13 8 6 
71 70 14 7 5 
70 69 15 6 4 
69 68 16 5 3 
68 67 17 6 2 
67 66 18 7 3 
66 65 19 8 4 
65 64 20 9 5 
64 63 21 10 6 
63 62 22 11 7 
62 61 23 12 8 
61 60 24 13 9 
60 59 25 14 10 
59 58 26 15 11 
77 76 8 13 13 
76 75 9 12 12 
75 74 10 11 11 
74 73 11 10 10 
73 72 12 9 9 
72 71 13 8 8 
71 70 14 7 7 
70 69 15 6 6 
69 68 16 5 5 
68 67 17 4 4 
67 66 18 5 3 
66 65 19 6 4 
65 64 20 7 5 
64 63 21 8 6 
63 62 22 9 7 
62 61 23 10 8 
61 60 24 11 9 
60 59 25 12 10 
59 58 26 13 11 
58 57 27 14 12 
76 75 9 12 14 
75 74 10 11 13 
74 73 11 10 12 
73 72 12 9 11 
72 71 13 8 10 
71 70 14 7 9 
70 69 15 6 8 
69 68 16 5 7 
68 67 17 4 6 
67 66 18 3 5 
66 65 19 4 4 
65 64 20 5 5 
64 63 21 6 6 
63 62 22 7 7 
62 61 23 8 8 
61 60 24 9 9 
60 59 25 10 10 
59 58 26 11 11 
58 57 27 12 12 
57 56 28 13 13 
75 74 10 11 15 
74 73 11 10 14 
73 72 12 9 13 
72 71 13 8 12 
71 70 14 7 11 
70 69 15 6 10 
69 68 16 5 9 
68 67 17 4 8 
67 66 18 3 7 
66 65 19 2 6 
65 64 20 3 5 
64 63 21 4 6 
63 62 22 5 7 
62 61 23 6 8 
61 60 24 7 9 
60 59 25 8 10 
59 58 26 9 11 
58 57 27 10 12 
57 56 28 11 13 
56 55 29 12 14 
74 73 11 10 16 
73 72 12 9 15 
72 71 13 8 14 
71 70 14 7 13 
70 69 15 6 12 
69 68 16 5 11 
68 67 17 4 10 
67 66 18 3 9 
66 65 19 2 8 
65 64 20 1 7 
64 63 21 2 6 
63 62 22 3 7 
62 61 23 4 8 
61 60 24 5 9 
60 59 25 6 10 
59 58 26 7 11 
58 57 27 8 12 
57 56 28 9 13 
56 55 29 10 14 
55 54 30 11 15 
54 53 31 12 16 
53 52 32 13 17 
54 53 33 14 18 
55 54 34 15 19 
56 55 35 16 20 
57 56 36 17 21 
58 57 37 18 22 
59 58 38 19 23 
60 59 39 20 24 
61 60 40 21 25 
62 61 41 22 26 
63 62 42 23 27 
64 63 43 24 28 
65 64 44 25 29 
66 65 45 26 30 
67 66 46 27 31 
68 67 47 28 32 
73 72 12 9 17 
72 71 13 8 16 
71 70 14 7 15 
70 69 15 6 14 
69 68 16 5 13 
68 67 17 4 12 
67 66 18 3 11 
66 65 19 2 10 
65 64 20 1 9 
64 63 21 0 8 
63 62 22 1 7 
62 61 23 2 8 
61 60 24 3 9 
60 59 25 4 10 
59 58 26 5 11 
58 57 27 6 12 
57 56 28 7 13 
56 55 29 8 14 
55 54 30 9 15 
54 53 31 10 16 
53 52 32 11 17 
52 51 33 12 18 
53 52 34 13 19 
54 53 35 14 20 
55 54 36 15 21 
56 55 37 16 22 
57 56 38 17 23 
58 57 39 18 24 
59 58 40 19 25 
60 59 41 20 26 
61 60 42 21 27 
62 61 43 22 28 
63 62 44 23 29 
64 63 45 24 30 
65 64 46 25 31 
66 65 47 26 32 
67 66 48 27 33 
57 56 28 7 13 
56 55 29 8 14 
55 54 30 9 15 
54 53 31 10 16 
53 52 32 11 17 
52 51 33 12 18 
51 50 34 13 19 
52 51 35 14 20 
53 52 36 15 21 
54 53 37 16 22 
55 54 38 17 23 
56 55 39 18 24 
57 56 40 19 25 
58 57 41 20 26 
59 58 42 21 27 
60 59 43 22 28 
61 60 44 23 29 
62 61 45 24 30 
63 62 46 25 31 
64 63 47 26 32 
65 64 48 27 33 
66 65 49 28 34 
50 49 35 14 20 
51 50 36 15 21 
52 51 37 16 22 
63 62 48 27 33 
64 63 49 28 34 
65 64 50 29 35 
49 48 36 15 21 
50 49 37 16 22 
51 50 38 17 23 
62 61 49 28 34 
63 62 50 29 35 
64 63 51 30 36 
48 47 37 16 22 
49 48 38 17 23 
50 49 39 18 24 
61 60 50 29 35 
62 61 51 30 36 
63 62 52 31 37 
47 46 38 17 23 
48 47 39 18 24 
49 48 40 19 25 
60 59 51 30 36 
61 60 52 31 37 
62 61 53 32 38 
46 45 39 18 24 
47 46 40 19 25 
48 47 41 20 26 
59 58 52 31 37 
60 59 53 32 38 
61 60 54 33 39 
45 44 40 19 25 
46 45 41 20 26 
47 46 42 21 27 
58 57 53 32 38 
59 58 54 33 39 
60 59 55 34 40 
44 43 41 20 26 
45 44 42 21 27 
46 45 43 22 28 
57 56 54 33 39 
58 57 55 34 40 
59 58 56 35 41 
43 42 42 21 27 
44 43 43 22 28 
45 44 44 23 29 
56 55 55 34 40 
57 56 56 35 41 
58 57 57 36 42 
36 35 49 28 34 
37 36 48 27 33 
38 37 47 26 32 
39 38 46 25 31 
40 39 45 24 30 
41 40 44 23 29 
42 41 43 22 28 
43 42 44 23 29 
44 43 45 24 30 
55 54 56 35 41 
56 55 57 36 42 
57 56 58 37 43 
20 19 65 44 50 
21 20 64 43 49 
22 21 63 42 48 
23 22 62 41 47 
24 23 61 40 46 
25 24 60 39 45 
26 25 59 38 44 
27 26 58 37 43 
28 27 57 36 42 
29 28 56 35 41 
30 29 55 34 40 
31 30 54 33 39 
32 31 53 32 38 
33 32 52 31 37 
34 33 51 30 36 
35 34 50 29 35 
36 35 49 28 34 
37 36 48 27 33 
38 37 47 26 32 
39 38 46 25 31 
40 39 45 24 30 
41 40 44 23 29 
42 41 45 24 30 
43 42 46 25 31 
44 43 47 26 32 
45 44 48 27 33 
46 45 49 28 34 
47 46 50 29 35 
48 47 51 30 36 
49 48 52 31 37 
50 49 53 32 38 
51 50 54 33 39 
52 51 55 34 40 
53 52 56 35 41 
54 53 57 36 42 
55 54 58 37 43 
56 55 59 38 44 
19 18 66 45 51 
20 19 65 44 50 
21 20 64 43 49 
22 21 63 42 48 
23 22 62 41 47 
24 23 61 40 46 
25 24 60 39 45 
26 25 59 38 44 
27 26 58 37 43 
28 27 57 36 42 
29 28 56 35 41 
30 29 55 34 40 
31 30 54 33 39 
32 31 53 32 38 
33 32 52 31 37 
34 33 51 30 36 
35 34 50 29 35 
36 35 49 28 34 
37 36 48 27 33 
38 37 47 26 32 
39 38 46 25 31 
40 39 45 24 30 
41 40 46 25 31 
42 41 47 26 32 
43 42 48 27 33 
44 43 49 28 34 
45 44 50 29 35 
46 45 51 30 36 
47 46 52 31 37 
48 47 53 32 38 
49 48 54 33 39 
50 49 55 34 40 
51 50 56 35 41 
52 51 57 36 42 
53 52 58 37 43 
54 53 59 38 44 
55 54 60 39 45 
18 17 67 46 52 
19 18 66 45 51 
20 19 65 44 50 
25 24 60 39 45 
26 25 59 38 44 
27 26 58 37 43 
34 33 53 32 38 
33 32 52 31 37 
34 33 51 30 36 
35 34 50 29 35 
36 35 49 28 34 
37 36 48 27 33 
41 40 46 25 31 
42 41 47 26 32 
43 42 48 27 33 
44 43 49 28 34 
45 44 50 29 35 
46 45 51 30 36 
47 46 52 31 37 
48 47 53 32 38 
49 48 54 33 39 
50 49 55 34 40 
51 50 56 35 41 
52 51 57 36 42 
53 52 58 37 43 
54 53 59 38 44 
55 54 60 39 45 
56 55 61 40 46 
17 16 68 47 53 
18 17 67 46 52 
24 23 61 40 46 
25 24 60 39 45 
26 25 59 38 44 
32 31 53 32 38 
33 32 52 31 37 
34 33 51 30 36 
35 34 50 29 35 
36 35 49 28 34 
3 6 88 67 73 
2 5 87 66 72 
1 4 86 65 71 
0 3 85 64 70 
1 4 84 63 69 
2 5 83 62 68 
3 6 82 61 67 
4 7 81 60 66 
16 15 69 48 54 
17 16 68 47 53 
23 22 62 41 47 
24 23 61 40 46 
25 24 60 39 45 
31 30 54 33 39 
32 31 53 32 38 
33 32 52 31 37 
34 33 51 30 36 
35 34 50 29 35 
13 14 96 75 81 
12 13 95 74 80 
11 12 94 73 79 
10 11 93 72 78 
9 10 92 71 77 
8 9 91 70 76 
7 8 90 69 75 
6 7 89 68 74 
5 6 88 67 73 
4 5 87 66 72 
3 4 86 65 71 
2 3 85 64 70 
1 2 84 63 69 
2 3 83 62 68 
3 4 82 61 67 
4 5 81 60 66 
5 6 80 59 65 
15 14 70 49 55 
16 15 69 48 54 
22 21 63 42 48 
23 22 62 41 47 
24 23 61 40 46 
29 28 56 35 41 
30 29 55 34 40 
31 30 54 33 39 
32 31 53 32 38 
33 32 52 31 37 
34 33 51 30 36 
14 13 95 74 80 
13 12 94 73 79 
12 11 93 72 78 
11 10 92 71 77 
10 9 91 70 76 
9 8 90 69 75 
8 7 89 68 74 
7 6 88 67 73 
6 5 87 66 72 
5 4 86 65 71 
4 3 85 64 70 
3 2 84 63 69 
2 1 83 62 68 
3 2 82 61 67 
4 3 81 60 66 
5 4 80 59 65 
6 5 79 58 64 
7 6 78 57 63 
8 7 77 56 62 
9 8 76 55 61 
10 9 75 54 60 
11 10 74 53 59 
12 11 73 52 58 
13 12 72 51 57 
14 13 71 50 56 
15 14 70 49 55 
16 15 69 48 54 
17 16 68 47 53 
18 17 67 46 52 
19 18 66 45 51 
20 19 65 44 50 
21 20 64 43 49 
22 21 63 42 48 
23 22 62 41 47 
24 23 61 40 46 
25 24 60 39 45 
26 25 59 38 44 
27 26 58 37 43 
28 27 57 36 42 
29 28 56 35 41 
30 29 55 34 40 
31 30 54 33 39 
32 31 53 32 38 
33 32 52 31 37 
15 12 96 75 81 
14 11 95 74 80 
13 10 94 73 79 
12 9 93 72 78 
11 8 92 71 77 
10 7 91 70 76 
9 6 90 69 75 
8 5 89 68 74 
7 4 88 67 73 
6 3 87 66 72 
5 2 86 65 71 
4 1 85 64 70 
3 0 84 63 69 
4 1 83 62 68 
5 2 82 61 67 
6 3 81 60 66 
7 4 80 59 65 
8 5 79 58 64 
9 6 78 57 63 
10 7 77 56 62 
11 8 76 55 61 
12 9 75 54 60 
13 10 74 53 59 
14 11 73 52 58 
15 12 72 51 57 
16 13 71 50 56 
17 14 70 49 55 
18 15 69 48 54 
19 16 68 47 53 
20 17 67 46 52 
21 18 66 45 51 
22 19 65 44 50 
23 20 64 43 49 
24 21 63 42 48 
25 22 62 41 47 
26 23 61 40 46 
27 24 60 39 45 
28 25 59 38 44 
29 26 58 37 43 
30 27 57 36 42 
31 28 56 35 41 
32 29 55 34 40 
33 30 54 33 39 
34 31 53 32 38 
16 13 97 76 82 
15 12 96 75 81 
14 11 95 74 80 
13 10 94 73 79 
12 9 93 72 78 
